Base Case: 
Path 0 :  BASE : [[70.0, 69.0, 36.0, 3.0, 40.0, 80.0], 1886.0, 0.025717391304347824, 40636.33704652322, -1]  BEST : [[56, 31, 36, 2, 40, 79], 550.4249547920434, 0.0026249999999999997, 61130.77788937518, 0.024395202594457186] GEN : 99
Path 1 :  BASE : [[38.0, 50.0, 11.0, 19.0, 30.0, 50.0], 644.0, 0.050289473684210495, 57695.41631938084, -1]  BEST : [[32, 42, 11, 9, 4, 50.0], 72.0, 0, 66472.84729303874, 0.027170477191597823] GEN : 99
Path 2 :  BASE : [[36.0, 3.0, 40.0, 40.0, 60.0, 30.0], 360.0, 0, 87454.77149208126, -1]  BEST : [[36.0, 3.0, 40.0, 40.0, 60.0, 30.0], 360.0, 0, 87454.77149208126, 0.021872772348385663] GEN : 99
Path 3 :  BASE : [[57.0, 40.0, 30.0, 11.0, 50.0, 38.0], 1331.7368421052631, 0.02510705741626796, 57745.48056364742, -1]  BEST : [[52, 40, 30.0, 11.0, 50.0, 38.0], 975.6156299840511, 0.008574999999999996, 63210.190470139285, 0.026334488879931475] GEN : 99
Path 4 :  BASE : [[30.0, 80.0, 40.0, 60.0, 19.0, 11.0], 1263.019138755981, 0.015224999999999999, 124847.59213148522, -1]  BEST : [[20, 30, 40, 60.0, 19.0, 11.0], 994.019138755981, 0, 128975.42467351022, 0.02474948835935645] GEN : 99
Path 5 :  BASE : [[75.0, 49.0, 4.0, 80.0, 40.0, 13.0], 3658.846153846154, 0.050400000000000056, 227691.43980128746, -1]  BEST : [[40, 43, 4.4, 80.0, 40.0, 12], 3236.0, 0.004060147991543328, 234180.09786084897, 0.023611218165890045] GEN : 99
Path 6 :  BASE : [[60.0, 40.0, 40.0, 13.0, 30.0, 50.0], 521.0, 0.015224999999999999, 119962.94049570609, -1]  BEST : [[45, 40.0, 38, 7, 30.0, 50.0], 289.0, 0.0011881578947368385, 123523.00588835347, 0.021443731952533886] GEN : 99
Path 7 :  BASE : [[60.0, 60.0, 15.0, 60.0, 75.0, 49.0], 571.469387755102, 0.01575, 24961.059281868416, -1]  BEST : [[55, 44, 15.0, 60, 60, 49.0], 373.46938775510205, 0, 27999.397773618417, 0.03387195159225032] GEN : 99
Path 8 :  BASE : [[38.0, 38.0, 50.0, 11.0, 19.0, 30.0], 437.0, 0.029151315789473664, 114811.25787686907, -1]  BEST : [[35, 31, 44, 11, 19.0, 30.0], 120.0, 0, 119675.67561159933, 0.02318665445710161] GEN : 99
Path 9 :  BASE : [[18.0, 70.0, 69.0, 70.0, 30.0, 70.0], 1076.2285714285713, 0.04082739130434784, 129135.43846326153, -1]  BEST : [[13, 55, 69, 59, 30.0, 70.0], 491.9261998870694, 0.014488754940711439, 138101.60600115906, 0.023317013052909084] GEN : 99

 Lower Population  = 20 
Path 10 :  BASE : [[70.0, 69.0, 36.0, 3.0, 40.0, 80.0], 1886.0, 0.025717391304347824, 39726.300723748696, -1]  BEST : [[57, 54, 36, 2, 40, 79], 549.2971352431712, 0.0026249999999999997, 60238.04795757811, 0.06577043389987372] GEN : 99
Path 11 :  BASE : [[38.0, 50.0, 11.0, 19.0, 30.0, 50.0], 644.0, 0.050289473684210495, 21309.87552378571, -1]  BEST : [[32, 44, 10, 11, 22, 50.0], 72.0, 0, 30087.306497443606, 0.07083515611846056] GEN : 99
Path 12 :  BASE : [[36.0, 3.0, 40.0, 40.0, 60.0, 30.0], 360.0, 0, 65981.71903109687, -1]  BEST : [[36.0, 3.0, 40.0, 40.0, 60.0, 30.0], 360.0, 0, 65981.71903109687, 0.054393991056557775] GEN : 99
Path 13 :  BASE : [[57.0, 40.0, 30.0, 11.0, 50.0, 38.0], 1331.7368421052631, 0.02510705741626796, 43825.31035471741, -1]  BEST : [[46, 40, 27, 11.0, 31, 38.0], 988.9489633173844, 0.008574999999999996, 49085.42026120928, 0.06318317090734807] GEN : 99
Path 14 :  BASE : [[30.0, 80.0, 40.0, 60.0, 19.0, 11.0], 1263.019138755981, 0.015224999999999999, 113098.90677937501, -1]  BEST : [[20, 44, 40.0, 60.0, 18, 11.0], 1004.5454545454546, 0, 117065.21300561054, 0.05833212076286418] GEN : 99
Path 15 :  BASE : [[75.0, 49.0, 4.0, 80.0, 40.0, 13.0], 3658.846153846154, 0.050400000000000056, 227200.38778020797, -1]  BEST : [[38, 38, 4.4, 72, 34, 13], 3205.846153846154, 0.001426794258373127, 234151.76137273715, 0.06537968888339453] GEN : 99
Path 16 :  BASE : [[60.0, 40.0, 40.0, 13.0, 30.0, 50.0], 521.0, 0.015224999999999999, 18659.506703850002, -1]  BEST : [[32, 40, 38, 6, 30.0, 50.0], 289.0, 0.0011881578947368385, 22219.57209649737, 0.05520517993770224] GEN : 99
Path 17 :  BASE : [[60.0, 60.0, 15.0, 60.0, 75.0, 49.0], 571.469387755102, 0.01575, 53071.17809739796, -1]  BEST : [[60.0, 44, 15.0, 60.0, 64, 49.0], 373.46938775510205, 0, 56109.51658914796, 0.057472599521748505] GEN : 99
Path 18 :  BASE : [[38.0, 38.0, 50.0, 11.0, 19.0, 30.0], 437.0, 0.029151315789473664, 55568.39807288111, -1]  BEST : [[35, 31, 44, 11.0, 19.0, 30.0], 120.0, 0, 60432.81580761137, 0.06586320796177715] GEN : 99
Path 19 :  BASE : [[18.0, 70.0, 69.0, 70.0, 30.0, 70.0], 1076.2285714285713, 0.04082739130434784, 45616.00784488777, -1]  BEST : [[4, 61, 65, 70.0, 30.0, 66], 495.0598303336008, 0.014497547288776794, 54534.08980767791, 0.06027866310658462] GEN : 99

 Higher Population  = 100 
Path 20 :  BASE : [[70.0, 69.0, 36.0, 3.0, 40.0, 80.0], 1886.0, 0.025717391304347824, 40480.443441008436, -1]  BEST : [[57, 50, 36, 2, 40, 80], 548.1578947368421, 0.0026249999999999997, 61009.672320407466, 0.012286454559078537] GEN : 99
Path 21 :  BASE : [[38.0, 50.0, 11.0, 19.0, 30.0, 50.0], 644.0, 0.050289473684210495, 69604.91356499694, -1]  BEST : [[32, 41, 9.3, 14.1, 14.7, 50], 72.0, 0, 78382.34453865484, 0.012885443392588763] GEN : 99
Path 22 :  BASE : [[36.0, 3.0, 40.0, 40.0, 60.0, 30.0], 360.0, 0, 61786.6771649625, -1]  BEST : [[36.0, 3.0, 40.0, 40.0, 60.0, 30.0], 360.0, 0, 61786.6771649625, 0.011113264339799802] GEN : 99
Path 23 :  BASE : [[57.0, 40.0, 30.0, 11.0, 50.0, 38.0], 1331.7368421052631, 0.02510705741626796, 128077.9947573019, -1]  BEST : [[46, 40.0, 30.0, 11, 47, 38], 975.6156299840511, 0.008574999999999996, 133542.70466379376, 0.012426320600121325] GEN : 99
Path 24 :  BASE : [[30.0, 80.0, 40.0, 60.0, 19.0, 11.0], 1263.019138755981, 0.015224999999999999, 250817.65870146634, -1]  BEST : [[25, 30, 40, 60.0, 19.0, 11.0], 994.019138755981, 0, 254945.49124349133, 0.011465540776015472] GEN : 99
Path 25 :  BASE : [[75.0, 49.0, 4.0, 80.0, 40.0, 13.0], 3658.846153846154, 0.050400000000000056, 153053.37225406163, -1]  BEST : [[39, 41, 4.4, 65, 34, 13], 3205.846153846154, -0.0005877707658197096, 160004.74949093894, 0.01253563456881425] GEN : 99
Path 26 :  BASE : [[60.0, 40.0, 40.0, 13.0, 30.0, 50.0], 521.0, 0.015224999999999999, 115567.7730860134, -1]  BEST : [[45, 40, 38, 13, 30.0, 50.0], 289.0, 0.0011881578947368385, 119127.83847866078, 0.011144078045527034] GEN : 99
Path 27 :  BASE : [[60.0, 60.0, 15.0, 60.0, 75.0, 49.0], 571.469387755102, 0.01575, 62273.93725426797, -1]  BEST : [[58, 44, 15.0, 60, 60, 49], 373.46938775510205, 0, 65312.27574601797, 0.012618547668729607] GEN : 99
Path 28 :  BASE : [[38.0, 38.0, 50.0, 11.0, 19.0, 30.0], 437.0, 0.029151315789473664, 117097.713208364, -1]  BEST : [[33, 32, 30, 1, 9, 30], 120.0, 0, 121962.13094309426, 0.0121102658652945] GEN : 99
Path 29 :  BASE : [[18.0, 70.0, 69.0, 70.0, 30.0, 70.0], 1076.2285714285713, 0.04082739130434784, 217128.82757126112, -1]  BEST : [[17, 64, 68, 54, 29, 69], 492.0656980333362, 0.014170687119675444, 226092.85508548887, 0.010873501053143664] GEN : 99

 Lower Generation  = 30 
Path 30 :  BASE : [[70.0, 69.0, 36.0, 3.0, 40.0, 80.0], 1886.0, 0.025717391304347824, 37270.83844083048, -1]  BEST : [[53, 50, 36, 1, 39, 80], 555.232220609579, 0.0026249999999999997, 57691.51178971236, 0.024327288597566284] GEN : 29
Path 31 :  BASE : [[38.0, 50.0, 11.0, 19.0, 30.0, 50.0], 644.0, 0.050289473684210495, 55119.271758371695, -1]  BEST : [[30, 43, 6, 14, 21, 50], 72.0, 0, 63896.70273202959, 0.026863198710498273] GEN : 29
Path 32 :  BASE : [[36.0, 3.0, 40.0, 40.0, 60.0, 30.0], 360.0, 0, 126109.20388498637, -1]  BEST : [[36.0, 3.0, 40.0, 40.0, 60.0, 30.0], 360.0, 0, 126109.20388498637, 0.021625777380136862] GEN : 29
Path 33 :  BASE : [[57.0, 40.0, 30.0, 11.0, 50.0, 38.0], 1331.7368421052631, 0.02510705741626796, 117474.54949131257, -1]  BEST : [[51, 36, 30.0, 11.0, 50.0, 38.0], 985.6156299840511, 0.008574999999999996, 122785.80939780443, 0.024648365139546102] GEN : 29
Path 34 :  BASE : [[30.0, 80.0, 40.0, 60.0, 19.0, 11.0], 1263.019138755981, 0.015224999999999999, 240589.97540124072, -1]  BEST : [[25, 45, 35, 52, 18, 11], 1026.6333666333667, 0, 244217.34261648724, 0.02295354840545809] GEN : 29
Path 35 :  BASE : [[75.0, 49.0, 4.0, 80.0, 40.0, 13.0], 3658.846153846154, 0.050400000000000056, 138813.20910328018, -1]  BEST : [[40, 45, 4, 69, 34, 13], 3488.1939799331103, 0.02625, 141431.91039932583, 0.028820477492749342] GEN : 29
Path 36 :  BASE : [[60.0, 40.0, 40.0, 13.0, 30.0, 50.0], 521.0, 0.015224999999999999, 60573.93381408841, -1]  BEST : [[36, 40.0, 39, 13, 30.0, 50], 289.0, 0.0024634615384615463, 64133.996899711485, 0.022173642319633785] GEN : 29
Path 37 :  BASE : [[60.0, 60.0, 15.0, 60.0, 75.0, 49.0], 571.469387755102, 0.01575, 65314.73679551782, -1]  BEST : [[57, 44, 12.7, 51, 49, 43], 455.3091655266758, 0.00920610236220475, 67097.22724352384, 0.023338490781572383] GEN : 29
Path 38 :  BASE : [[38.0, 38.0, 50.0, 11.0, 19.0, 30.0], 437.0, 0.029151315789473664, 110622.1071534581, -1]  BEST : [[34, 30, 44, 11, 19.0, 30.0], 120.0, 0, 115486.52488818836, 0.022552121316809885] GEN : 29
Path 39 :  BASE : [[18.0, 70.0, 69.0, 70.0, 30.0, 70.0], 1076.2285714285713, 0.04082739130434784, 108251.17384189762, -1]  BEST : [[7, 67, 67, 56, 28, 64], 489.0868869936034, 0.0076124999999999995, 117260.92307529057, 0.022994615640723446] GEN : 29

 Higher  Generation  = 150 
Path 40 :  BASE : [[70.0, 69.0, 36.0, 3.0, 40.0, 80.0], 1886.0, 0.025717391304347824, 38849.4983735444, -1]  BEST : [[56, 31, 36, 1, 40.0, 80.0], 549.2857142857142, 0.0026249999999999997, 59361.42086196598, 0.023628720671507814] GEN : 149
Path 41 :  BASE : [[38.0, 50.0, 11.0, 19.0, 30.0, 50.0], 644.0, 0.050289473684210495, 107462.42797388985, -1]  BEST : [[30, 38, 8, 3, 22, 50], 72.0, 0, 116239.85894754773, 0.023757461784352726] GEN : 149
Path 42 :  BASE : [[36.0, 3.0, 40.0, 40.0, 60.0, 30.0], 360.0, 0, 127359.21526128633, -1]  BEST : [[36.0, 3.0, 40.0, 40.0, 60.0, 30.0], 360.0, 0, 127359.21526128633, 0.021525209947737333] GEN : 149
Path 43 :  BASE : [[57.0, 40.0, 30.0, 11.0, 50.0, 38.0], 1331.7368421052631, 0.02510705741626796, 108355.10773652719, -1]  BEST : [[51, 40.0, 30.0, 11.0, 50.0, 38.0], 975.6156299840511, 0.008574999999999996, 113819.81764301905, 0.024442722331260863] GEN : 149
Path 44 :  BASE : [[30.0, 80.0, 40.0, 60.0, 19.0, 11.0], 1263.019138755981, 0.015224999999999999, 125769.16485386669, -1]  BEST : [[25, 80.0, 40.0, 60.0, 19.0, 11.0], 994.019138755981, 0, 129896.9973958917, 0.025257670615259947] GEN : 149
Path 45 :  BASE : [[75.0, 49.0, 4.0, 80.0, 40.0, 13.0], 3658.846153846154, 0.050400000000000056, 226306.7484830948, -1]  BEST : [[39, 41, 4.4, 71, 34, 13], 3205.846153846154, 0.00432663876830826, 233258.11682980525, 0.024268755601335314] GEN : 149
Path 46 :  BASE : [[60.0, 40.0, 40.0, 13.0, 30.0, 50.0], 521.0, 0.015224999999999999, 112459.48882145528, -1]  BEST : [[33, 39, 38, 13.0, 30.0, 50.0], 289.0, 0.0011881578947368385, 116019.55421410265, 0.021834723423481247] GEN : 149
Path 47 :  BASE : [[60.0, 60.0, 15.0, 60.0, 75.0, 49.0], 571.469387755102, 0.01575, 62244.74736491742, -1]  BEST : [[60, 45, 15, 55, 75.0, 49.0], 378.9239332096475, 0, 65199.385856667424, 0.023904722900314996] GEN : 149
Path 48 :  BASE : [[38.0, 38.0, 50.0, 11.0, 19.0, 30.0], 437.0, 0.029151315789473664, 54795.79388895368, -1]  BEST : [[34, 31, 42, 11, 15, 30], 120.0, 0, 59660.21162368394, 0.027124734392395922] GEN : 149
Path 49 :  BASE : [[18.0, 70.0, 69.0, 70.0, 30.0, 70.0], 1076.2285714285713, 0.04082739130434784, 157016.742118445, -1]  BEST : [[17, 69, 66, 63, 28, 67], 486.63902256082656, 0.0076124999999999995, 166064.0538315589, 0.022776517119501537] GEN : 149

 Lower PC  = 0.2 
Path 50 :  BASE : [[70.0, 69.0, 36.0, 3.0, 40.0, 80.0], 1886.0, 0.025717391304347824, 39110.409178286405, -1]  BEST : [[55, 42, 36, 2, 40.0, 80.0], 550.4545454545455, 0.0026249999999999997, 59604.395952422274, 0.023100830645436315] GEN : 99
Path 51 :  BASE : [[38.0, 50.0, 11.0, 19.0, 30.0, 50.0], 644.0, 0.050289473684210495, 103164.4342502171, -1]  BEST : [[32, 38, 11, 14, 22, 50], 72.0, 0, 111941.86522387501, 0.024189299478687865] GEN : 99
Path 52 :  BASE : [[36.0, 3.0, 40.0, 40.0, 60.0, 30.0], 360.0, 0, 123598.90356328685, -1]  BEST : [[36.0, 3.0, 40.0, 40.0, 60.0, 30.0], 360.0, 0, 123598.90356328685, 0.022050060283546793] GEN : 99
Path 53 :  BASE : [[57.0, 40.0, 30.0, 11.0, 50.0, 38.0], 1331.7368421052631, 0.02510705741626796, 119484.78637583472, -1]  BEST : [[51, 40.0, 30.0, 11.0, 50.0, 38.0], 975.6156299840511, 0.008574999999999996, 124949.49628232658, 0.02578651633283645] GEN : 99
Path 54 :  BASE : [[30.0, 80.0, 40.0, 60.0, 19.0, 11.0], 1263.019138755981, 0.015224999999999999, 106376.37880175194, -1]  BEST : [[20, 53, 40.0, 60.0, 19.0, 11.0], 994.019138755981, 0, 110504.21134377694, 0.027080958289761443] GEN : 99
Path 55 :  BASE : [[75.0, 49.0, 4.0, 80.0, 40.0, 13.0], 3658.846153846154, 0.050400000000000056, 138813.20975992957, -1]  BEST : [[44, 30, 4.3, 80, 35, 13], 3331.846153846154, -0.013359196617336203, 143831.14010031626, 0.027474273868437253] GEN : 99
Path 56 :  BASE : [[60.0, 40.0, 40.0, 13.0, 30.0, 50.0], 521.0, 0.015224999999999999, 116223.02987745484, -1]  BEST : [[36, 40.0, 38, 8, 30.0, 50.0], 289.0, 0.0011881578947368385, 119783.09527010222, 0.023115727304788936] GEN : 99
Path 57 :  BASE : [[60.0, 60.0, 15.0, 60.0, 75.0, 49.0], 571.469387755102, 0.01575, 62523.71749594923, -1]  BEST : [[30, 45, 15.0, 59, 69, 49], 374.4863369076444, 0, 65546.45090295347, 0.023689510348494824] GEN : 99
Path 58 :  BASE : [[38.0, 38.0, 50.0, 11.0, 19.0, 30.0], 437.0, 0.029151315789473664, 166344.9382108467, -1]  BEST : [[35, 30, 41, 1, 15, 30], 120.0, 0, 171209.35594557697, 0.022013975184984227] GEN : 99
Path 59 :  BASE : [[18.0, 70.0, 69.0, 70.0, 30.0, 70.0], 1076.2285714285713, 0.04082739130434784, 53669.7066860802, -1]  BEST : [[6, 69, 66, 52, 28, 69], 485.08159232072273, 0.0076124999999999995, 62740.91716622851, 0.025577552121105313] GEN : 99

 Higher PC  = 0.8 
Path 60 :  BASE : [[70.0, 69.0, 36.0, 3.0, 40.0, 80.0], 1886.0, 0.025717391304347824, 39594.19972166812, -1]  BEST : [[57, 56, 36, 2, 40, 79], 549.2971352431712, 0.0026249999999999997, 60105.94695549752, 0.02382910359495117] GEN : 99
Path 61 :  BASE : [[38.0, 50.0, 11.0, 19.0, 30.0, 50.0], 644.0, 0.050289473684210495, 108565.86273097194, -1]  BEST : [[31, 43, 2, 19.0, 11, 50.0], 72.0, 0, 117343.29370462985, 0.02351077532460718] GEN : 99
Path 62 :  BASE : [[36.0, 3.0, 40.0, 40.0, 60.0, 30.0], 360.0, 0, 66335.56233938111, -1]  BEST : [[36.0, 3.0, 40.0, 40.0, 60.0, 30.0], 360.0, 0, 66335.56233938111, 0.022903710730447436] GEN : 99
Path 63 :  BASE : [[57.0, 40.0, 30.0, 11.0, 50.0, 38.0], 1331.7368421052631, 0.02510705741626796, 112791.20821435143, -1]  BEST : [[52, 40.0, 30.0, 11.0, 44, 38], 975.6156299840511, 0.008574999999999996, 118255.91812084329, 0.02393725744089124] GEN : 99
Path 64 :  BASE : [[30.0, 80.0, 40.0, 60.0, 19.0, 11.0], 1263.019138755981, 0.015224999999999999, 129757.34026464084, -1]  BEST : [[20, 42, 35, 48, 19, 11], 1021.8762816131238, 0, 133457.70494952297, 0.02575390203443696] GEN : 99
Path 65 :  BASE : [[75.0, 49.0, 4.0, 80.0, 40.0, 13.0], 3658.846153846154, 0.050400000000000056, 173431.55196943268, -1]  BEST : [[39, 47, 4.0, 74, 40.0, 13.0], 3439.846153846154, 0.006356152961471968, 176792.186644752, 0.025727184986780942] GEN : 99
Path 66 :  BASE : [[60.0, 40.0, 40.0, 13.0, 30.0, 50.0], 521.0, 0.015224999999999999, 108454.19678065096, -1]  BEST : [[46, 30, 38, 7, 30.0, 50.0], 289.0, 0.0011881578947368385, 112014.26217329834, 0.02214007854274857] GEN : 99
Path 67 :  BASE : [[60.0, 60.0, 15.0, 60.0, 75.0, 49.0], 571.469387755102, 0.01575, 52664.057905779046, -1]  BEST : [[30, 45, 15.0, 60.0, 67, 48], 375.0, 0, 55678.90915263109, 0.024155606036724682] GEN : 99
Path 68 :  BASE : [[38.0, 38.0, 50.0, 11.0, 19.0, 30.0], 437.0, 0.029151315789473664, 121378.97669388072, -1]  BEST : [[31, 30, 40, 9, 11, 30], 120.0, 0, 126243.39442861098, 0.022511194316423504] GEN : 99
Path 69 :  BASE : [[18.0, 70.0, 69.0, 70.0, 30.0, 70.0], 1076.2285714285713, 0.04082739130434784, 152527.07600182906, -1]  BEST : [[14, 62, 69.0, 60, 30, 70.0], 499.31622921258264, 0.01836852033660589, 161379.836521231, 0.02258799847027358] GEN : 99

 Lower PM  = 0.2 
Path 70 :  BASE : [[70.0, 69.0, 36.0, 3.0, 40.0, 80.0], 1886.0, 0.025717391304347824, 38791.55187506733, -1]  BEST : [[56, 55, 36, 2, 40, 80.0], 549.2857142857142, 0.0026249999999999997, 59303.47436348892, 0.023160864163319313] GEN : 99
Path 71 :  BASE : [[38.0, 50.0, 11.0, 19.0, 30.0, 50.0], 644.0, 0.050289473684210495, 55258.746402227815, -1]  BEST : [[32, 35, 1, 13.7, 22, 50], 72.0, 0, 64036.17737588571, 0.024357637148095166] GEN : 99
Path 72 :  BASE : [[36.0, 3.0, 40.0, 40.0, 60.0, 30.0], 360.0, 0, 61772.08560349506, -1]  BEST : [[36.0, 3.0, 40.0, 40.0, 60.0, 30.0], 360.0, 0, 61772.08560349506, 0.020920671854172238] GEN : 99
Path 73 :  BASE : [[57.0, 40.0, 30.0, 11.0, 50.0, 38.0], 1331.7368421052631, 0.02510705741626796, 102383.69874544232, -1]  BEST : [[42, 40, 30, 11.0, 45, 38], 975.6156299840511, 0.008574999999999996, 107848.40865193418, 0.022477569254070514] GEN : 99
Path 74 :  BASE : [[30.0, 80.0, 40.0, 60.0, 19.0, 11.0], 1263.019138755981, 0.015224999999999999, 232151.16523222704, -1]  BEST : [[12.5, 80.0, 40.0, 60.0, 19.0, 11.0], 994.019138755981, 0, 236278.99777425203, 0.02169260172954752] GEN : 99
Path 75 :  BASE : [[75.0, 49.0, 4.0, 80.0, 40.0, 13.0], 3658.846153846154, 0.050400000000000056, 133657.25214086907, -1]  BEST : [[39, 36, 4.4, 80.0, 40.0, 13.0], 3189.846153846154, -0.004486363636363615, 140854.15643030088, 0.025272333963893834] GEN : 99
Path 76 :  BASE : [[60.0, 40.0, 40.0, 13.0, 30.0, 50.0], 521.0, 0.015224999999999999, 20958.468005892337, -1]  BEST : [[31, 40.0, 38, 13.0, 30.0, 50], 289.0, 0.0011881578947368385, 24518.533398539705, 0.02708515778399594] GEN : 99
Path 77 :  BASE : [[60.0, 60.0, 15.0, 60.0, 75.0, 49.0], 571.469387755102, 0.01575, 16570.03380285502, -1]  BEST : [[42, 44, 15.2, 60.0, 62, 49.0], 370.31149301825997, 0, 19656.83018934186, 0.030548467640104777] GEN : 99
Path 78 :  BASE : [[38.0, 38.0, 50.0, 11.0, 19.0, 30.0], 437.0, 0.029151315789473664, 111411.28011263983, -1]  BEST : [[31, 32, 38, 1, 15, 30], 120.0, 0, 116275.69784737009, 0.02309373618228501] GEN : 99
Path 79 :  BASE : [[18.0, 70.0, 69.0, 70.0, 30.0, 70.0], 1076.2285714285713, 0.04082739130434784, 222726.95096548347, -1]  BEST : [[13, 59, 66, 30, 29, 70.0], 484.3122917409884, 0.0076124999999999995, 231809.9663630278, 0.02085697536344586] GEN : 99

 Higher PM  = 0.6 
Path 80 :  BASE : [[70.0, 69.0, 36.0, 3.0, 40.0, 80.0], 1886.0, 0.025717391304347824, 39089.02770027127, -1]  BEST : [[54, 33, 36, 2, 40, 80], 551.6666666666667, 0.0026249999999999997, 59564.41447440714, 0.024978799774965164] GEN : 99
Path 81 :  BASE : [[38.0, 50.0, 11.0, 19.0, 30.0, 50.0], 644.0, 0.050289473684210495, 72213.53465309211, -1]  BEST : [[32, 39, 11.0, 19.0, 22, 50.0], 72.0, 0, 80990.96562675, 0.025872779823033685] GEN : 99
Path 82 :  BASE : [[36.0, 3.0, 40.0, 40.0, 60.0, 30.0], 360.0, 0, 64865.178712950124, -1]  BEST : [[36.0, 3.0, 40.0, 40.0, 60.0, 30.0], 360.0, 0, 64865.178712950124, 0.024500970836591043] GEN : 99
Path 83 :  BASE : [[57.0, 40.0, 30.0, 11.0, 50.0, 38.0], 1331.7368421052631, 0.02510705741626796, 112259.96560589751, -1]  BEST : [[46, 39, 27, 11, 31, 37], 993.8171108171109, 0.008574999999999996, 117445.37378900607, 0.026638966848224636] GEN : 99
Path 84 :  BASE : [[30.0, 80.0, 40.0, 60.0, 19.0, 11.0], 1263.019138755981, 0.015224999999999999, 114404.09712075505, -1]  BEST : [[25, 57, 38, 59, 19, 11], 1013.6325791365934, 0.006263157894736833, 118230.95009008692, 0.026850562503845155] GEN : 99
Path 85 :  BASE : [[75.0, 49.0, 4.0, 80.0, 40.0, 13.0], 3658.846153846154, 0.050400000000000056, 155017.51901053818, -1]  BEST : [[43, 38, 4.4, 74, 35, 13], 3268.1434511434513, -0.0084016941137199, 161012.9583557758, 0.02718493032639495] GEN : 99
Path 86 :  BASE : [[60.0, 40.0, 40.0, 13.0, 30.0, 50.0], 521.0, 0.015224999999999999, 58238.265247599295, -1]  BEST : [[35, 37, 38, 13.0, 30.0, 50.0], 289.0, 0.0011881578947368385, 61798.33064024666, 0.02288182643888732] GEN : 99
Path 87 :  BASE : [[60.0, 60.0, 15.0, 60.0, 75.0, 49.0], 571.469387755102, 0.01575, 64817.30597475227, -1]  BEST : [[39, 44, 15, 53, 72, 45], 387.92452830188677, 0, 67633.83033481186, 0.02522942581356471] GEN : 99
Path 88 :  BASE : [[38.0, 38.0, 50.0, 11.0, 19.0, 30.0], 437.0, 0.029151315789473664, 136401.71354752503, -1]  BEST : [[32, 31, 38, 2, 5, 30], 120.0, 0, 141266.1312822553, 0.02325621150327364] GEN : 99
Path 89 :  BASE : [[18.0, 70.0, 69.0, 70.0, 30.0, 70.0], 1076.2285714285713, 0.04082739130434784, 157820.87153819835, -1]  BEST : [[4, 70.0, 61, 70.0, 30.0, 70.0], 492.2672131147541, 0.014667786885245905, 166781.80590424826, 0.02353315994441061] GEN : 99
