____________________NODES:______________________
 Pos |R_T: E,W,S,N   |   Y_T   |     G_T    | Go_T    | Stop_T  |Cycle Times
( 0 1 )  [68.34120842971545, 0, 0.0, 0.0] [0, 0, 3, 3] [0.0, 0.0, 65.34120842971545, 0] [0, 0, 0, 0] [0, 0, 0, 0] 68.34120842971545
 N:  ( 0,1 ) --->  ( 0,3 ) | 2 | 30 | 0 | 0.3374401760314376
( 0 3 )  [15.538380683834621, 0, 31.345951709586554, 31.345951709586554] [5, 5, 5, 5] [26.345951709586554, 26.345951709586554, 10.538380683834621, 0] [0, 0, 0, 0] [0, 0, 0, 0] 46.884332393421175
 N:  ( 0,3 ) --->  ( 0,5 ) | 2 | 70 | 0 | 0.2520135052376634
 E:  ( 0,3 ) --->  ( 5,3 ) | 5 | 60 | 1 | 0.7778391370529276
 S:  ( 0,1 ) --->  ( 0,3 ) | 2 | 30 | 0 | 0.3374401760314376
( 0 5 )  [25.57724710255913, 0, 33.8658706538387, 33.8658706538387] [3, 3, 5, 5] [30.865870653838694, 30.865870653838694, 20.577247102559127, 0] [0, 0, 0, 0] [0, 0, 0, 0] 59.443117756397825
 E:  ( 0,5 ) --->  ( 3,5 ) | 3 | 30 | 1 | 0.7025062666270441
 S:  ( 0,3 ) --->  ( 0,5 ) | 2 | 70 | 0 | 0.2520135052376634
( 1 2 )  [0.0, 0, 42.266028706190035, 42.266028706190035] [3, 3, 0, 0] [39.266028706190035, 39.266028706190035, 0.0, 0] [0, 0, 0, 0] [0, 0, 0, 0] 42.266028706190035
 E:  ( 1,2 ) --->  ( 2,2 ) | 1 | 30 | 1 | 0.37982569846771685
( 2 0 )  [33.197374619338504, 0, 46.29606192900775, 46.29606192900775] [4, 4, 5, 5] [42.29606192900775, 42.29606192900775, 28.197374619338504, 0] [0, 0, 0, 0] [0, 0, 0, 0] 79.49343654834625
 N:  ( 2,0 ) --->  ( 2,2 ) | 2 | 70 | 0 | 0.9623367456078964
 E:  ( 2,0 ) --->  ( 5,0 ) | 3 | 40 | 1 | 0.29017764916010913
( 2 2 )  [35.155632851123386, 0, 19.577816425561693, 19.577816425561693] [4.5, 4.5, 5, 5] [15.077816425561693, 15.077816425561693, 30.155632851123386, 0] [0, 0, 0, 0] [0, 0, 0, 0] 54.73344927668508
 E:  ( 2,2 ) --->  ( 3,2 ) | 1 | 50 | 1 | 0.10877366029834401
 S:  ( 2,0 ) --->  ( 2,2 ) | 2 | 70 | 0 | 0.9623367456078964
 W:  ( 1,2 ) --->  ( 2,2 ) | 1 | 30 | 1 | 0.37982569846771685
( 3 2 )  [65.03800436884707, 0, 24.512668122949023, 24.512668122949023] [4.5, 4.5, 5, 5] [20.012668122949023, 20.012668122949023, 60.03800436884707, 0] [0, 0, 0, 0] [0, 0, 0, 0] 89.55067249179609
 N:  ( 3,2 ) --->  ( 3,5 ) | 3 | 80 | 0 | 0.41235449728324325
 W:  ( 2,2 ) --->  ( 3,2 ) | 1 | 50 | 1 | 0.10877366029834401
( 3 5 )  [21.450100194897338, 0, 19.450100194897338, 19.450100194897338] [3, 3, 5, 5] [16.450100194897338, 16.450100194897338, 16.450100194897338, 0] [0, 0, 0, 0] [0, 0, 0, 0] 40.900200389794676
 E:  ( 3,5 ) --->  ( 4,5 ) | 1 | 30 | 1 | 0.7690653088555921
 S:  ( 3,2 ) --->  ( 3,5 ) | 3 | 80 | 0 | 0.41235449728324325
 W:  ( 0,5 ) --->  ( 3,5 ) | 3 | 30 | 1 | 0.7025062666270441
( 4 4 )  [15.812793132663504, 0, 16.312793132663504, 16.312793132663504] [4.5, 4.5, 4, 4] [11.812793132663504, 11.812793132663504, 11.812793132663504, 0] [0, 0, 0, 0] [0, 0, 0, 0] 32.12558626532701
 N:  ( 4,4 ) --->  ( 4,5 ) | 1 | 40 | 0 | 0.8437856594729134
 E:  ( 4,4 ) --->  ( 5,4 ) | 1 | 50 | 1 | 0.966005041850799
( 4 5 )  [26.75296381388044, 0, 25.75296381388044, 25.75296381388044] [3, 3, 4, 4] [22.75296381388044, 22.75296381388044, 22.75296381388044, 0] [0, 0, 0, 0] [0, 0, 0, 0] 52.50592762776088
 S:  ( 4,4 ) --->  ( 4,5 ) | 1 | 40 | 0 | 0.8437856594729134
 W:  ( 3,5 ) --->  ( 4,5 ) | 1 | 30 | 1 | 0.7690653088555921
( 5 0 )  [35.14643202802455, 0, 34.14643202802455, 34.14643202802455] [4, 4, 5, 5] [30.14643202802455, 30.14643202802455, 30.14643202802455, 0] [0, 0, 0, 0] [0, 0, 0, 0] 69.2928640560491
 N:  ( 5,0 ) --->  ( 5,3 ) | 3 | 80 | 0 | 0.1037472583515136
 W:  ( 2,0 ) --->  ( 5,0 ) | 3 | 40 | 1 | 0.29017764916010913
( 5 3 )  [27.496470401478724, 0, 42.494117335797874, 42.494117335797874] [5, 5, 5, 5] [37.494117335797874, 37.494117335797874, 22.496470401478724, 0] [0, 0, 0, 0] [0, 0, 0, 0] 69.9905877372766
 N:  ( 5,3 ) --->  ( 5,4 ) | 1 | 80 | 0 | 0.42481704895160943
 S:  ( 5,0 ) --->  ( 5,3 ) | 3 | 80 | 0 | 0.1037472583515136
 W:  ( 0,3 ) --->  ( 5,3 ) | 5 | 60 | 1 | 0.7778391370529276
( 5 4 )  [35.78122167628615, 0, 35.28122167628615, 35.28122167628615] [4.5, 4.5, 5, 5] [30.78122167628615, 30.78122167628615, 30.78122167628615, 0] [0, 0, 0, 0] [0, 0, 0, 0] 71.0624433525723
 S:  ( 5,3 ) --->  ( 5,4 ) | 1 | 80 | 0 | 0.42481704895160943
 W:  ( 4,4 ) --->  ( 5,4 ) | 1 | 50 | 1 | 0.966005041850799
____________________EDGES:______________________
____________________South - North:______________________

POINT1 |  POINT2 | D | S  | Direction | traffic_factor ( 0,1 ) --->  ( 0,3 ) | 2 | 30 | 0 | 0.3374401760314376
 ( 0,3 ) --->  ( 0,5 ) | 2 | 70 | 0 | 0.2520135052376634
 ( 2,0 ) --->  ( 2,2 ) | 2 | 70 | 0 | 0.9623367456078964
 ( 3,2 ) --->  ( 3,5 ) | 3 | 80 | 0 | 0.41235449728324325
 ( 4,4 ) --->  ( 4,5 ) | 1 | 40 | 0 | 0.8437856594729134
 ( 5,0 ) --->  ( 5,3 ) | 3 | 80 | 0 | 0.1037472583515136
 ( 5,3 ) --->  ( 5,4 ) | 1 | 80 | 0 | 0.42481704895160943

____________________East - West:______________________

POINT1 |  POINT2 | D | S  | Direction | traffic_factor ( 2,0 ) --->  ( 5,0 ) | 3 | 40 | 1 | 0.29017764916010913
 ( 1,2 ) --->  ( 2,2 ) | 1 | 30 | 1 | 0.37982569846771685
 ( 2,2 ) --->  ( 3,2 ) | 1 | 50 | 1 | 0.10877366029834401
 ( 0,3 ) --->  ( 5,3 ) | 5 | 60 | 1 | 0.7778391370529276
 ( 4,4 ) --->  ( 5,4 ) | 1 | 50 | 1 | 0.966005041850799
 ( 0,5 ) --->  ( 3,5 ) | 3 | 30 | 1 | 0.7025062666270441
 ( 3,5 ) --->  ( 4,5 ) | 1 | 30 | 1 | 0.7690653088555921
