Base Case: 
Path 0 :  
 BASE : [[70.0, 69.0, 36.0, 3.0, 40.0, 80.0], 1886.0, 0.025717391304347824, 39373.446196688266, -1]
  BEST : [[57, 30, 36, 2, 39, 80], 550.4655870445343, 0.0026249999999999997, 59867.26353762575, 0.023946446126853985] 
 GEN : 79

Path 1 :  
 BASE : [[38.0, 50.0, 11.0, 19.0, 30.0, 50.0], 644.0, 0.050289473684210495, 109401.71543029898, -1]
  BEST : [[32, 38, 6, 19, 4, 50.0], 72.0, 0, 118179.14640395687, 0.023509554166173015] 
 GEN : 17

Path 2 :  
 BASE : [[36.0, 3.0, 40.0, 40.0, 60.0, 30.0], 360.0, 0, 124794.00569153203, -1]
  BEST : [[36.0, 3.0, 40.0, 40.0, 60.0, 30.0], 360.0, 0, 124794.00569153203, 0.021012892329062425] 
 GEN : 0

Path 3 :  
 BASE : [[57.0, 40.0, 30.0, 11.0, 50.0, 38.0], 1331.7368421052631, 0.02510705741626796, 104305.96477180802, -1]
  BEST : [[46, 40.0, 30.0, 11.0, 50.0, 38.0], 975.6156299840511, 0.008574999999999996, 109770.67467829988, 0.02573109517363157] 
 GEN : 3

Path 4 :  
 BASE : [[30.0, 80.0, 40.0, 60.0, 19.0, 11.0], 1263.019138755981, 0.015224999999999999, 112152.86876567807, -1]
  BEST : [[25, 57, 40.0, 60.0, 19.0, 11.0], 994.019138755981, 0, 116280.70130770307, 0.028786029035514204] 
 GEN : 11

Path 5 :  
 BASE : [[75.0, 49.0, 4.0, 80.0, 40.0, 13.0], 3658.846153846154, 0.050400000000000056, 171958.3540297939, -1]
  BEST : [[40, 49, 4.3, 73, 35, 13], 3269.476290832455, 0.01674892026578069, 177933.29545254234, 0.025955409241903347] 
 GEN : 81

Path 6 :  
 BASE : [[60.0, 40.0, 40.0, 13.0, 30.0, 50.0], 521.0, 0.015224999999999999, 112027.66527196066, -1]
  BEST : [[57, 40.0, 38, 7, 30.0, 50.0], 289.0, 0.0011881578947368385, 115587.73066460804, 0.021890760009567103] 
 GEN : 14

Path 7 :  
 BASE : [[60.0, 60.0, 15.0, 60.0, 75.0, 49.0], 571.469387755102, 0.01575, 59543.95245308891, -1]
  BEST : [[60.0, 45, 15.0, 60, 64, 47], 376.59574468085106, 0, 62534.316997813294, 0.023600522902309306] 
 GEN : 40

Path 8 :  
 BASE : [[38.0, 38.0, 50.0, 11.0, 19.0, 30.0], 437.0, 0.029151315789473664, 111971.28299518603, -1]
  BEST : [[35, 32, 35, 9, 19.0, 30.0], 120.0, 0, 116835.7007299163, 0.022836259259964794] 
 GEN : 5

Path 9 :  
 BASE : [[18.0, 70.0, 69.0, 70.0, 30.0, 70.0], 1076.2285714285713, 0.04082739130434784, 95778.89731988544, -1]
  BEST : [[5.7, 55, 69, 35, 29, 65], 487.9628489950828, 0.0076124999999999995, 104805.89491636568, 0.023615622574758487] 
 GEN : 30


 Lower Population  = 20 
Path 0 :  
 BASE : [[70.0, 69.0, 36.0, 3.0, 40.0, 80.0], 1886.0, 0.025717391304347824, 38479.57704726031, -1]
  BEST : [[55, 57, 36, 1, 40.0, 80.0], 550.4545454545455, 0.0026249999999999997, 58973.56382139618, 0.059391220590442995] 
 GEN : 78

Path 1 :  
 BASE : [[38.0, 50.0, 11.0, 19.0, 30.0, 50.0], 644.0, 0.050289473684210495, 27344.776589597368, -1]
  BEST : [[31, 35, 8, 9, 11, 50], 72.0, 0, 36122.20756325526, 0.07423288568434266] 
 GEN : 10

Path 2 :  
 BASE : [[36.0, 3.0, 40.0, 40.0, 60.0, 30.0], 360.0, 0, 64307.08591151205, -1]
  BEST : [[36.0, 3.0, 40.0, 40.0, 60.0, 30.0], 360.0, 0, 64307.08591151205, 0.05276285815332576] 
 GEN : 0

Path 3 :  
 BASE : [[57.0, 40.0, 30.0, 11.0, 50.0, 38.0], 1331.7368421052631, 0.02510705741626796, 39138.354004671346, -1]
  BEST : [[42, 40, 30.0, 11.0, 49, 38.0], 975.6156299840511, 0.008574999999999996, 44603.06391116321, 0.06689228002298392] 
 GEN : 7

Path 4 :  
 BASE : [[30.0, 80.0, 40.0, 60.0, 19.0, 11.0], 1263.019138755981, 0.015224999999999999, 52213.931080125, -1]
  BEST : [[25, 78, 40, 60.0, 19.0, 11], 994.019138755981, 0, 56341.76362215, 0.06438698098801654] 
 GEN : 34

Path 5 :  
 BASE : [[75.0, 49.0, 4.0, 80.0, 40.0, 13.0], 3658.846153846154, 0.050400000000000056, 99439.29565420508, -1]
  BEST : [[38, 31, 4, 66, 35, 13], 3492.937062937063, 0.00728225806451619, 101985.24865420024, 0.06004361215234615] 
 GEN : 53

Path 6 :  
 BASE : [[60.0, 40.0, 40.0, 13.0, 30.0, 50.0], 521.0, 0.015224999999999999, 56254.76170240263, -1]
  BEST : [[47, 39, 38, 4, 30.0, 50], 289.0, 0.0011881578947368385, 59814.82709505, 0.05987535415576706] 
 GEN : 21

Path 7 :  
 BASE : [[60.0, 60.0, 15.0, 60.0, 75.0, 49.0], 571.469387755102, 0.01575, 11300.336388349395, -1]
  BEST : [[30, 45, 15.0, 60.0, 61, 48], 375.0, 0, 14315.187635201435, 0.0809758298742999] 
 GEN : 25

Path 8 :  
 BASE : [[38.0, 38.0, 50.0, 11.0, 19.0, 30.0], 437.0, 0.029151315789473664, 62929.84370941625, -1]
  BEST : [[33, 32, 46, 11.0, 19.0, 30.0], 120.0, 0, 67794.26144414651, 0.06583714614020264] 
 GEN : 15

Path 9 :  
 BASE : [[18.0, 70.0, 69.0, 70.0, 30.0, 70.0], 1076.2285714285713, 0.04082739130434784, 45562.328681963554, -1]
  BEST : [[4, 55, 69.0, 70.0, 30.0, 70.0], 491.9261998870694, 0.014488754940711439, 54528.49621986108, 0.062402004976992026] 
 GEN : 18


 Higher Population  = 100 
Path 0 :  
 BASE : [[70.0, 69.0, 36.0, 3.0, 40.0, 80.0], 1886.0, 0.025717391304347824, 36497.50091674977, -1]
  BEST : [[57, 41, 36, 2, 40.0, 80.0], 548.1578947368421, 0.0026249999999999997, 57026.72979614879, 0.011518540398332434] 
 GEN : 48

Path 1 :  
 BASE : [[38.0, 50.0, 11.0, 19.0, 30.0, 50.0], 644.0, 0.050289473684210495, 162319.41031167447, -1]
  BEST : [[30, 43, 2, 15, 21, 50], 72.0, 0, 171096.84128533237, 0.011262354503852861] 
 GEN : 7

Path 2 :  
 BASE : [[36.0, 3.0, 40.0, 40.0, 60.0, 30.0], 360.0, 0, 128746.45099646253, -1]
  BEST : [[36.0, 3.0, 40.0, 40.0, 60.0, 30.0], 360.0, 0, 128746.45099646253, 0.010630821357077765] 
 GEN : 0

Path 3 :  
 BASE : [[57.0, 40.0, 30.0, 11.0, 50.0, 38.0], 1331.7368421052631, 0.02510705741626796, 105224.70087660066, -1]
  BEST : [[52, 40, 30, 11.0, 50, 38], 975.6156299840511, 0.008574999999999996, 110689.41078309252, 0.012292513539612786] 
 GEN : 93

Path 4 :  
 BASE : [[30.0, 80.0, 40.0, 60.0, 19.0, 11.0], 1263.019138755981, 0.015224999999999999, 153463.40044802648, -1]
  BEST : [[25, 58, 40.0, 52, 19, 11.0], 1003.2499079867501, 0, 157449.58683620533, 0.012569260060484446] 
 GEN : 77

Path 5 :  
 BASE : [[75.0, 49.0, 4.0, 80.0, 40.0, 13.0], 3658.846153846154, 0.050400000000000056, 228182.43750074034, -1]
  BEST : [[40, 45, 4.4, 66, 36, 13.0], 3205.846153846154, 0.004390909090909156, 235133.8057311858, 0.012973075253648558] 
 GEN : 70

Path 6 :  
 BASE : [[60.0, 40.0, 40.0, 13.0, 30.0, 50.0], 521.0, 0.015224999999999999, 117043.5368613344, -1]
  BEST : [[54, 40, 38, 6, 30, 50], 289.0, 0.0011881578947368385, 120603.60225398178, 0.010969795487874226] 
 GEN : 27

Path 7 :  
 BASE : [[60.0, 60.0, 15.0, 60.0, 75.0, 49.0], 571.469387755102, 0.01575, 59866.84041573859, -1]
  BEST : [[55, 44, 15, 56, 66, 48], 379.2857142857143, 0, 62815.927376876345, 0.012081690577340218] 
 GEN : 72

Path 8 :  
 BASE : [[38.0, 38.0, 50.0, 11.0, 19.0, 30.0], 437.0, 0.029151315789473664, 124381.00622650543, -1]
  BEST : [[34, 30, 38, 6, 3, 30.0], 120.0, 0, 129245.42396123569, 0.011626409845781902] 
 GEN : 8

Path 9 :  
 BASE : [[18.0, 70.0, 69.0, 70.0, 30.0, 70.0], 1076.2285714285713, 0.04082739130434784, 123187.2498758676, -1]
  BEST : [[8, 69, 61, 57, 29, 63], 490.1254191405468, 0.0076124999999999995, 132181.0628334657, 0.011918347330877361] 
 GEN : 54


 Lower Generation  = 30 
Path 0 :  
 BASE : [[70.0, 69.0, 36.0, 3.0, 40.0, 80.0], 1886.0, 0.025717391304347824, 39932.00966530794, -1]
  BEST : [[62, 43, 36, 2, 40.0, 80.0], 552.6666666666666, 0.007666129032258063, 60392.04232004139, 0.022644845683989966] 
 GEN : 9

Path 1 :  
 BASE : [[38.0, 50.0, 11.0, 19.0, 30.0, 50.0], 644.0, 0.050289473684210495, 69034.29397056712, -1]
  BEST : [[32, 45, 8, 3, 21, 49], 73.46938775510203, 0, 77789.17718912297, 0.024156181664786454] 
 GEN : 6

Path 2 :  
 BASE : [[36.0, 3.0, 40.0, 40.0, 60.0, 30.0], 360.0, 0, 124777.39544493803, -1]
  BEST : [[36.0, 3.0, 40.0, 40.0, 60.0, 30.0], 360.0, 0, 124777.39544493803, 0.021908490208975444] 
 GEN : 0

Path 3 :  
 BASE : [[57.0, 40.0, 30.0, 11.0, 50.0, 38.0], 1331.7368421052631, 0.02510705741626796, 101495.86917900901, -1]
  BEST : [[51, 38, 30.0, 11, 50.0, 38.0], 980.3524720893142, 0.008574999999999996, 106887.89224339562, 0.022516951459989165] 
 GEN : 2

Path 4 :  
 BASE : [[30.0, 80.0, 40.0, 60.0, 19.0, 11.0], 1263.019138755981, 0.015224999999999999, 164814.27429776223, -1]
  BEST : [[20, 76, 36, 58, 17, 10], 1100.500338066261, 0.0035000000000000022, 167308.14650487097, 0.024522036096555906] 
 GEN : 17

Path 5 :  
 BASE : [[75.0, 49.0, 4.0, 80.0, 40.0, 13.0], 3658.846153846154, 0.050400000000000056, 133972.99528755047, -1]
  BEST : [[40, 47, 4.4, 52, 37, 13], 3244.846153846154, 0.011233562713881803, 140325.89613963553, 0.02839945119791758] 
 GEN : 11

Path 6 :  
 BASE : [[60.0, 40.0, 40.0, 13.0, 30.0, 50.0], 521.0, 0.015224999999999999, 108068.27767766092, -1]
  BEST : [[53, 39, 40.0, 13.0, 30.0, 50.0], 289.0, 0.003675, 111628.33857161092, 0.022388808991980393] 
 GEN : 13

Path 7 :  
 BASE : [[60.0, 60.0, 15.0, 60.0, 75.0, 49.0], 571.469387755102, 0.01575, 59866.793251668525, -1]
  BEST : [[42, 30, 15, 57, 67, 41], 390.9627727856226, 0, 62636.69575012519, 0.024575806086359318] 
 GEN : 25

Path 8 :  
 BASE : [[38.0, 38.0, 50.0, 11.0, 19.0, 30.0], 437.0, 0.029151315789473664, 76280.00059776488, -1]
  BEST : [[31, 30, 36, 8, 19.0, 30.0], 120.0, 0, 81144.41833249514, 0.025512317847986164] 
 GEN : 13

Path 9 :  
 BASE : [[18.0, 70.0, 69.0, 70.0, 30.0, 70.0], 1076.2285714285713, 0.04082739130434784, 106778.38598878762, -1]
  BEST : [[14, 68, 66, 59, 27, 69], 495.3726652716423, 0.0076124999999999995, 115691.67995450406, 0.02374933630526967] 
 GEN : 15


 Higher  Generation  = 150 
Path 0 :  
 BASE : [[70.0, 69.0, 36.0, 3.0, 40.0, 80.0], 1886.0, 0.025717391304347824, 38163.00305127051, -1]
  BEST : [[57, 54, 36, 2, 40, 80.0], 548.1578947368421, 0.0026249999999999997, 58692.23193066954, 0.02324869427953248] 
 GEN : 120

Path 1 :  
 BASE : [[38.0, 50.0, 11.0, 19.0, 30.0, 50.0], 644.0, 0.050289473684210495, 134480.6019739908, -1]
  BEST : [[31, 43, 6, 11, 22, 50], 72.0, 0, 143258.0329476487, 0.022423657939106455] 
 GEN : 27

Path 2 :  
 BASE : [[36.0, 3.0, 40.0, 40.0, 60.0, 30.0], 360.0, 0, 65615.8184357098, -1]
  BEST : [[36.0, 3.0, 40.0, 40.0, 60.0, 30.0], 360.0, 0, 65615.8184357098, 0.022856473586198637] 
 GEN : 0

Path 3 :  
 BASE : [[57.0, 40.0, 30.0, 11.0, 50.0, 38.0], 1331.7368421052631, 0.02510705741626796, 103118.41364929451, -1]
  BEST : [[42, 40, 30.0, 11.0, 50.0, 38.0], 975.6156299840511, 0.008574999999999996, 108583.12355578637, 0.024336769219161662] 
 GEN : 35

Path 4 :  
 BASE : [[30.0, 80.0, 40.0, 60.0, 19.0, 11.0], 1263.019138755981, 0.015224999999999999, 111049.6696529733, -1]
  BEST : [[25, 77, 40.0, 54, 19.0, 11.0], 1000.6858054226476, 0, 115075.2021949983, 0.02595061962161909] 
 GEN : 86

Path 5 :  
 BASE : [[75.0, 49.0, 4.0, 80.0, 40.0, 13.0], 3658.846153846154, 0.050400000000000056, 226218.29521031826, -1]
  BEST : [[47, 34, 4.4, 80, 32, 13.0], 3260.846153846154, -0.01051236488792813, 232325.71540078634, 0.022931199636461088] 
 GEN : 111

Path 6 :  
 BASE : [[60.0, 40.0, 40.0, 13.0, 30.0, 50.0], 521.0, 0.015224999999999999, 117851.60336456329, -1]
  BEST : [[50, 39, 38, 13.0, 30.0, 50.0], 289.0, 0.0011881578947368385, 121411.66875721066, 0.023729271822590613] 
 GEN : 17

Path 7 :  
 BASE : [[60.0, 60.0, 15.0, 60.0, 75.0, 49.0], 571.469387755102, 0.01575, 16252.326607698345, -1]
  BEST : [[40, 44, 15.0, 55, 67, 49], 378.9239332096475, 0, 19206.965099448345, 0.03941438920249504] 
 GEN : 16

Path 8 :  
 BASE : [[38.0, 38.0, 50.0, 11.0, 19.0, 30.0], 437.0, 0.029151315789473664, 114473.70817505222, -1]
  BEST : [[34, 30, 36, 11.0, 19.0, 30.0], 120.0, 0, 119338.12590978248, 0.024310636135314843] 
 GEN : 13

Path 9 :  
 BASE : [[18.0, 70.0, 69.0, 70.0, 30.0, 70.0], 1076.2285714285713, 0.04082739130434784, 107699.18033831862, -1]
  BEST : [[16, 63, 64, 33, 29, 70.0], 483.84729064039414, 0.0076124999999999995, 116789.33117775156, 0.0232735416278457] 
 GEN : 130


 Lower PC  = 0.2 
Path 0 :  
 BASE : [[70.0, 69.0, 36.0, 3.0, 40.0, 80.0], 1886.0, 0.025717391304347824, 35769.17174550163, -1]
  BEST : [[55, 32, 36, 1, 40, 80.0], 550.4545454545455, 0.0026249999999999997, 56263.1585196375, 0.02483946035713887] 
 GEN : 14

Path 1 :  
 BASE : [[38.0, 50.0, 11.0, 19.0, 30.0, 50.0], 644.0, 0.050289473684210495, 62883.79539286598, -1]
  BEST : [[30, 45, 11, 3.2, 4, 50.0], 72.0, 0, 71661.22636652387, 0.025577807731461066] 
 GEN : 16

Path 2 :  
 BASE : [[36.0, 3.0, 40.0, 40.0, 60.0, 30.0], 360.0, 0, 87405.6785340948, -1]
  BEST : [[36.0, 3.0, 40.0, 40.0, 60.0, 30.0], 360.0, 0, 87405.6785340948, 0.021226211501728903] 
 GEN : 0

Path 3 :  
 BASE : [[57.0, 40.0, 30.0, 11.0, 50.0, 38.0], 1331.7368421052631, 0.02510705741626796, 61092.47637308442, -1]
  BEST : [[46, 37, 30.0, 11.0, 49, 37], 985.4733824733826, 0.008574999999999996, 66405.91906762749, 0.028716516758355282] 
 GEN : 80

Path 4 :  
 BASE : [[30.0, 80.0, 40.0, 60.0, 19.0, 11.0], 1263.019138755981, 0.015224999999999999, 149399.99377376447, -1]
  BEST : [[25, 41, 40, 60, 19.0, 11], 994.019138755981, 0, 153527.82631578945, 0.025221925419420532] 
 GEN : 57

Path 5 :  
 BASE : [[75.0, 49.0, 4.0, 80.0, 40.0, 13.0], 3658.846153846154, 0.050400000000000056, 155017.54444022337, -1]
  BEST : [[40, 33, 4.3, 75, 33, 12], 3313.0, -0.0019523784355179718, 160324.6483764452, 0.026889997894448674] 
 GEN : 87

Path 6 :  
 BASE : [[60.0, 40.0, 40.0, 13.0, 30.0, 50.0], 521.0, 0.015224999999999999, 109967.0106446939, -1]
  BEST : [[51, 40, 38, 4, 30.0, 50], 289.0, 0.0011881578947368385, 113527.07603734128, 0.021695918389182934] 
 GEN : 14

Path 7 :  
 BASE : [[60.0, 60.0, 15.0, 60.0, 75.0, 49.0], 571.469387755102, 0.01575, 60070.46304946172, -1]
  BEST : [[39, 30, 15, 60, 63, 49], 373.46938775510205, 0, 63108.801541211724, 0.024164768383882804] 
 GEN : 74

Path 8 :  
 BASE : [[38.0, 38.0, 50.0, 11.0, 19.0, 30.0], 437.0, 0.029151315789473664, 69221.30705530051, -1]
  BEST : [[34, 32, 43, 11.0, 3, 30], 120.0, 0, 74085.72479003077, 0.0269439295250494] 
 GEN : 14

Path 9 :  
 BASE : [[18.0, 70.0, 69.0, 70.0, 30.0, 70.0], 1076.2285714285713, 0.04082739130434784, 155125.93632204257, -1]
  BEST : [[14, 59, 67, 55, 30, 70], 493.24893570886485, 0.01518319124715405, 164071.80522251938, 0.023659830620414643] 
 GEN : 41


 Higher PC  = 0.8 
Path 0 :  
 BASE : [[70.0, 69.0, 36.0, 3.0, 40.0, 80.0], 1886.0, 0.025717391304347824, 35898.65061747328, -1]
  BEST : [[58, 51, 36, 1, 40, 80], 552.6666666666666, 0.005563793103448273, 56358.68707533243, 0.02284515250783028] 
 GEN : 87

Path 1 :  
 BASE : [[38.0, 50.0, 11.0, 19.0, 30.0, 50.0], 644.0, 0.050289473684210495, 113729.46442881136, -1]
  BEST : [[30, 40, 1, 19.0, 21, 50.0], 72.0, 0, 122506.89540246926, 0.023274381947751353] 
 GEN : 23

Path 2 :  
 BASE : [[36.0, 3.0, 40.0, 40.0, 60.0, 30.0], 360.0, 0, 66472.76937084485, -1]
  BEST : [[36.0, 3.0, 40.0, 40.0, 60.0, 30.0], 360.0, 0, 66472.76937084485, 0.021977052843386306] 
 GEN : 0

Path 3 :  
 BASE : [[57.0, 40.0, 30.0, 11.0, 50.0, 38.0], 1331.7368421052631, 0.02510705741626796, 106402.22352005815, -1]
  BEST : [[46, 40, 30.0, 11.0, 50, 37], 978.1760851760853, 0.008574999999999996, 111827.64324162825, 0.023301720239337728] 
 GEN : 87

Path 4 :  
 BASE : [[30.0, 80.0, 40.0, 60.0, 19.0, 11.0], 1263.019138755981, 0.015224999999999999, 124828.8810962665, -1]
  BEST : [[25, 34, 40.0, 51, 19.0, 11.0], 1004.6073740500985, 0, 128794.23716770326, 0.027227983949081044] 
 GEN : 16

Path 5 :  
 BASE : [[75.0, 49.0, 4.0, 80.0, 40.0, 13.0], 3658.846153846154, 0.050400000000000056, 170976.2929886057, -1]
  BEST : [[40, 47, 4, 72, 38, 13.0], 3439.846153846154, 0.004937234042553166, 174336.93023074933, 0.02511754691324899] 
 GEN : 15

Path 6 :  
 BASE : [[60.0, 40.0, 40.0, 13.0, 30.0, 50.0], 521.0, 0.015224999999999999, 108261.1149598909, -1]
  BEST : [[49, 30, 38, 6, 30, 50.0], 289.0, 0.0011881578947368385, 111821.18035253827, 0.022442265680686004] 
 GEN : 39

Path 7 :  
 BASE : [[60.0, 60.0, 15.0, 60.0, 75.0, 49.0], 571.469387755102, 0.01575, 25945.94316406886, -1]
  BEST : [[30, 30, 15, 59, 70, 46], 379.2778187177597, 0, 28895.15128269688, 0.026739018771714262] 
 GEN : 50

Path 8 :  
 BASE : [[38.0, 38.0, 50.0, 11.0, 19.0, 30.0], 437.0, 0.029151315789473664, 110826.70179122397, -1]
  BEST : [[34, 30, 36, 11, 5, 30.0], 120.0, 0, 115691.11952595423, 0.02260575229984079] 
 GEN : 7

Path 9 :  
 BASE : [[18.0, 70.0, 69.0, 70.0, 30.0, 70.0], 1076.2285714285713, 0.04082739130434784, 72636.9060109827, -1]
  BEST : [[14, 59, 69, 54, 28, 68], 489.94880885294424, 0.0076124999999999995, 81633.42905344407, 0.025544304875899995] 
 GEN : 39


 Lower PM  = 0.2 
Path 0 :  
 BASE : [[70.0, 69.0, 36.0, 3.0, 40.0, 80.0], 1886.0, 0.025717391304347824, 40116.18885210381, -1]
  BEST : [[57, 38, 36, 2, 40.0, 80], 548.1578947368421, 0.0026249999999999997, 60645.417731502836, 0.02389237705086155] 
 GEN : 60

Path 1 :  
 BASE : [[38.0, 50.0, 11.0, 19.0, 30.0, 50.0], 644.0, 0.050289473684210495, 42330.662467975846, -1]
  BEST : [[32, 30, 6, 19.0, 21, 50.0], 72.0, 0, 51108.09344163374, 0.026218510318665286] 
 GEN : 34

Path 2 :  
 BASE : [[36.0, 3.0, 40.0, 40.0, 60.0, 30.0], 360.0, 0, 24668.05603755987, -1]
  BEST : [[36.0, 3.0, 40.0, 40.0, 60.0, 30.0], 360.0, 0, 24668.05603755987, 0.024673222335614503] 
 GEN : 0

Path 3 :  
 BASE : [[57.0, 40.0, 30.0, 11.0, 50.0, 38.0], 1331.7368421052631, 0.02510705741626796, 49201.497293584885, -1]
  BEST : [[51, 40.0, 30.0, 11.0, 45, 38.0], 975.6156299840511, 0.008574999999999996, 54666.20720007675, 0.024912221602586337] 
 GEN : 12

Path 4 :  
 BASE : [[30.0, 80.0, 40.0, 60.0, 19.0, 11.0], 1263.019138755981, 0.015224999999999999, 81928.62134042595, -1]
  BEST : [[25, 80.0, 40.0, 60.0, 19.0, 11.0], 994.019138755981, 0, 86056.45388245095, 0.025416850642170537] 
 GEN : 28

Path 5 :  
 BASE : [[75.0, 49.0, 4.0, 80.0, 40.0, 13.0], 3658.846153846154, 0.050400000000000056, 136035.73961663715, -1]
  BEST : [[40, 36, 4.4, 80.0, 30, 13], 3189.846153846154, -0.004486363636363615, 143232.64390606896, 0.024590395473307245] 
 GEN : 64

Path 6 :  
 BASE : [[60.0, 40.0, 40.0, 13.0, 30.0, 50.0], 521.0, 0.015224999999999999, 117020.99197935, -1]
  BEST : [[48, 38, 38, 1, 30.0, 50.0], 289.0, 0.0011881578947368385, 120581.05737199738, 0.021919635039424783] 
 GEN : 20

Path 7 :  
 BASE : [[60.0, 60.0, 15.0, 60.0, 75.0, 49.0], 571.469387755102, 0.01575, 50937.23700450676, -1]
  BEST : [[57, 44, 15.0, 60, 65, 49.0], 373.46938775510205, 0, 53975.57549625676, 0.023910137169581007] 
 GEN : 33

Path 8 :  
 BASE : [[38.0, 38.0, 50.0, 11.0, 19.0, 30.0], 437.0, 0.029151315789473664, 52050.214660619065, -1]
  BEST : [[32, 31, 44, 7.7, 14, 30], 120.0, 0, 56914.63239534933, 0.025470008193627477] 
 GEN : 7

Path 9 :  
 BASE : [[18.0, 70.0, 69.0, 70.0, 30.0, 70.0], 1076.2285714285713, 0.04082739130434784, 156782.91378453505, -1]
  BEST : [[16, 64, 68, 52, 28, 70.0], 485.203781512605, 0.0076124999999999995, 165852.24927153392, 0.02174300748725962] 
 GEN : 27


 Higher PM  = 0.6 
Path 0 :  
 BASE : [[70.0, 69.0, 36.0, 3.0, 40.0, 80.0], 1886.0, 0.025717391304347824, 38872.92305985868, -1]
  BEST : [[57, 55, 36, 2, 40, 79], 549.2971352431712, 0.0026249999999999997, 59384.67029368809, 0.024347766342470264] 
 GEN : 82

Path 1 :  
 BASE : [[38.0, 50.0, 11.0, 19.0, 30.0, 50.0], 644.0, 0.050289473684210495, 110449.22691682701, -1]
  BEST : [[31, 39, 4, 5, 4, 50], 72.0, 0, 119226.6578904849, 0.027385310584318718] 
 GEN : 48

Path 2 :  
 BASE : [[36.0, 3.0, 40.0, 40.0, 60.0, 30.0], 360.0, 0, 66502.15419198954, -1]
  BEST : [[36.0, 3.0, 40.0, 40.0, 60.0, 30.0], 360.0, 0, 66502.15419198954, 0.025232094945661022] 
 GEN : 0

Path 3 :  
 BASE : [[57.0, 40.0, 30.0, 11.0, 50.0, 38.0], 1331.7368421052631, 0.02510705741626796, 97962.48215392178, -1]
  BEST : [[38, 39, 29, 11, 49, 37], 984.6217085182602, 0.008574999999999996, 103288.9937853062, 0.02515850280014859] 
 GEN : 21

Path 4 :  
 BASE : [[30.0, 80.0, 40.0, 60.0, 19.0, 11.0], 1263.019138755981, 0.015224999999999999, 134743.04936337654, -1]
  BEST : [[20, 80.0, 40, 53, 19, 11], 1001.9436670578677, 0, 138749.2800186091, 0.026208819715880897] 
 GEN : 30

Path 5 :  
 BASE : [[75.0, 49.0, 4.0, 80.0, 40.0, 13.0], 3658.846153846154, 0.050400000000000056, 171467.3783340952, -1]
  BEST : [[69, 32, 4.3, 77, 36, 13], 3335.352647352647, 0.006141544489383172, 176431.46625478409, 0.03294764610452469] 
 GEN : 56

Path 6 :  
 BASE : [[60.0, 40.0, 40.0, 13.0, 30.0, 50.0], 521.0, 0.015224999999999999, 110715.26727252858, -1]
  BEST : [[51, 37, 38, 7, 30, 50], 289.0, 0.0011881578947368385, 114275.33266517596, 0.022787182215072744] 
 GEN : 58

Path 7 :  
 BASE : [[60.0, 60.0, 15.0, 60.0, 75.0, 49.0], 571.469387755102, 0.01575, 36866.86900718267, -1]
  BEST : [[39, 44, 15.0, 60.0, 65, 49.0], 373.46938775510205, 0, 39905.20749893267, 0.026698934890054333] 
 GEN : 14

Path 8 :  
 BASE : [[38.0, 38.0, 50.0, 11.0, 19.0, 30.0], 437.0, 0.029151315789473664, 75006.37103251973, -1]
  BEST : [[34, 32, 43, 11, 19, 30.0], 120.0, 0, 79870.78876725, 0.0240036435793957] 
 GEN : 4

Path 9 :  
 BASE : [[18.0, 70.0, 69.0, 70.0, 30.0, 70.0], 1076.2285714285713, 0.04082739130434784, 108920.95067951665, -1]
  BEST : [[17, 67, 66, 50, 28, 66], 489.01056406280287, 0.0076124999999999995, 117931.87108828274, 0.023167578720599286] 
 GEN : 57

