No Variation 
population: 50 generations: 100 pc: 0.6 pm: 0.4
 ____________________Base_______________________ 
 [[9.0, 80.0, 50.0, 49.0, 75.0, 60.0, 3.0, 36.0, 70.0, 30.0, 80.0, 40.0, 13.0, 30.0, 50.0, 30.0, 19.0, 11.0, 50.0, 38.0], 5531.736842105263, 0.10375488721804489, 1253059.5628556816, -1]
 ____________________Best Solution Per Generation_______________________ 
 0:[[7.8, 56, 40, 46, 66, 58, 2.2, 31, 54, 23.6, 74, 33, 3.9, 17.6, 39, 26.2, 16.4, 9.6, 34, 32], 3589.5, 0.060155734017473185, 1147818.2026971348, 0.022924752995885096]
1:[[7.8, 56, 40, 46, 66, 58, 2.2, 31, 54, 23.6, 74, 33, 3.9, 17.6, 39, 26.2, 16.4, 9.6, 34, 32], 3589.5, 0.060155734017473185, 1303440.4634498155, 0.022626253926157722]
2:[[7.8, 56, 40, 46, 66, 58, 2.2, 31, 54, 23.6, 74, 33, 3.9, 17.6, 39, 26.2, 16.4, 9.6, 34, 32], 3589.5, 0.060155734017473185, 707118.7792695671, 0.023257390239961498]
3:[[7.8, 56, 40, 46, 66, 58, 2.2, 31, 54, 23.6, 74, 33, 3.9, 17.6, 39, 26.2, 16.4, 9.6, 34, 32], 3589.5, 0.060155734017473185, 713134.0760358911, 0.02373154819261118]
4:[[7.8, 56, 40, 46, 66, 58, 2.2, 31, 54, 23.6, 74, 33, 3.9, 17.6, 39, 26.2, 16.4, 9.6, 34, 32], 3589.5, 0.060155734017473185, 917809.3860331799, 0.02394140073130803]
5:[[6.9, 73, 50.0, 49.0, 75.0, 45, 3.0, 36.0, 70.0, 27.0, 80.0, 40.0, 13.0, 30.0, 50.0, 23.8, 19.0, 11.0, 50.0, 38], 3496.7368421052633, 0.06349126324442815, 590683.6925853326, 0.024708712945968048]
6:[[6.9, 73, 50.0, 49.0, 75.0, 45, 3.0, 36.0, 70.0, 27.0, 80.0, 40.0, 13.0, 30.0, 50.0, 23.8, 19.0, 11.0, 50.0, 38], 3496.7368421052633, 0.06349126324442815, 1211738.2337118506, 0.022373063009115873]
7:[[6.9, 73, 50.0, 49.0, 75.0, 45, 3.0, 36.0, 70.0, 27.0, 80.0, 40.0, 13.0, 30.0, 50.0, 23.8, 19.0, 11.0, 50.0, 38], 3496.7368421052633, 0.06349126324442815, 1342720.4926009453, 0.02294641086744387]
8:[[6.9, 73, 50.0, 49.0, 75.0, 45, 3.0, 36.0, 70.0, 27.0, 80.0, 40.0, 13.0, 30.0, 50.0, 23.8, 19.0, 11.0, 50.0, 38], 3496.7368421052633, 0.06349126324442815, 1157067.673485505, 0.02310194381051612]
9:[[6.9, 73, 50.0, 49.0, 75.0, 45, 3.0, 36.0, 70.0, 27.0, 80.0, 40.0, 13.0, 30.0, 50.0, 23.8, 19.0, 11.0, 50.0, 38], 3496.7368421052633, 0.06349126324442815, 566708.1316212948, 0.024648839275715186]
10:[[6.9, 73, 50.0, 49.0, 75.0, 45, 3.0, 36.0, 70.0, 27.0, 80.0, 40.0, 13.0, 30.0, 50.0, 23.8, 19.0, 11.0, 50.0, 38], 3496.7368421052633, 0.06349126324442815, 1388421.6769473471, 0.021846198932884527]
11:[[6.9, 73, 50.0, 49.0, 75.0, 45, 3.0, 36.0, 70.0, 27.0, 80.0, 40.0, 13.0, 30.0, 50.0, 23.8, 19.0, 11.0, 50.0, 38], 3496.7368421052633, 0.06349126324442815, 506511.83678702824, 0.025045240072964672]
12:[[6.9, 73, 50.0, 49.0, 75.0, 45, 3.0, 36.0, 70.0, 27.0, 80.0, 40.0, 13.0, 30.0, 50.0, 23.8, 19.0, 11.0, 50.0, 38], 3496.7368421052633, 0.06349126324442815, 405303.78855623875, 0.02728341755213789]
13:[[6.9, 73, 50.0, 49.0, 75.0, 45, 3.0, 36.0, 70.0, 27.0, 80.0, 40.0, 13.0, 30.0, 50.0, 23.8, 19.0, 11.0, 50.0, 38], 3496.7368421052633, 0.06349126324442815, 1152639.663396788, 0.022147559394066565]
14:[[6.9, 73, 50.0, 49.0, 75.0, 45, 3.0, 36.0, 70.0, 27.0, 80.0, 40.0, 13.0, 30.0, 50.0, 23.8, 19.0, 11.0, 50.0, 38], 3496.7368421052633, 0.06349126324442815, 318512.60675459437, 0.02770682510266319]
15:[[1.1, 42, 35, 30, 40, 56, 3.1, 36, 59, 27.8, 67, 35, 12.9, 23.8, 43, 26.1, 9.8, 8.6, 49, 38], 3291.7368421052633, 0.04853072436418557, 1101648.2969674051, 0.02262801139959108]
16:[[1.1, 42, 35, 30, 40, 56, 3.1, 36, 59, 27.8, 67, 35, 12.9, 23.8, 43, 26.1, 9.8, 8.6, 49, 38], 3291.7368421052633, 0.04853072436418557, 624879.0750746697, 0.0262205808646824]
17:[[1.1, 42, 35, 30, 40, 56, 3.1, 36, 59, 27.8, 67, 35, 12.9, 23.8, 43, 26.1, 9.8, 8.6, 49, 38], 3291.7368421052633, 0.04853072436418557, 665973.0627399279, 0.024875523422663956]
18:[[1.1, 42, 35, 30, 40, 56, 3.1, 36, 59, 27.8, 67, 35, 12.9, 23.8, 43, 26.1, 9.8, 8.6, 49, 38], 3291.7368421052633, 0.04853072436418557, 528702.0876483633, 0.024626811023134926]
19:[[1.1, 42, 35, 30, 40, 56, 3.1, 36, 59, 27.8, 67, 35, 12.9, 23.8, 43, 26.1, 9.8, 8.6, 49, 38], 3291.7368421052633, 0.04853072436418557, 1296794.661244885, 0.02224781022971092]
20:[[1.1, 42, 35, 30, 40, 56, 3.1, 36, 59, 27.8, 67, 35, 12.9, 23.8, 43, 26.1, 9.8, 8.6, 49, 38], 3291.7368421052633, 0.04853072436418557, 1131724.4699185113, 0.022072031957590034]
21:[[1.1, 42, 35, 30, 40, 56, 3.1, 36, 59, 27.8, 67, 35, 12.9, 23.8, 43, 26.1, 9.8, 8.6, 49, 38], 3291.7368421052633, 0.04853072436418557, 1279055.8987122073, 0.022159836951710445]
22:[[1.1, 42, 35, 30, 40, 56, 3.1, 36, 59, 27.8, 67, 35, 12.9, 23.8, 43, 26.1, 9.8, 8.6, 49, 38], 3291.7368421052633, 0.04853072436418557, 502013.9507510687, 0.025586164935505196]
23:[[1.1, 42, 35, 30, 40, 56, 3.1, 36, 59, 27.8, 67, 35, 12.9, 23.8, 43, 26.1, 9.8, 8.6, 49, 38], 3291.7368421052633, 0.04853072436418557, 996280.2009434929, 0.02258227166939451]
24:[[1.1, 42, 35, 30, 40, 56, 3.1, 36, 59, 27.8, 67, 35, 12.9, 23.8, 43, 26.1, 9.8, 8.6, 49, 38], 3291.7368421052633, 0.04853072436418557, 582087.9360161221, 0.023700215458020955]
25:[[1.1, 42, 35, 30, 40, 56, 3.1, 36, 59, 27.8, 67, 35, 12.9, 23.8, 43, 26.1, 9.8, 8.6, 49, 38], 3291.7368421052633, 0.04853072436418557, 393896.8578605312, 0.027677218507856368]
26:[[1.1, 42, 35, 30, 40, 56, 3.1, 36, 59, 27.8, 67, 35, 12.9, 23.8, 43, 26.1, 9.8, 8.6, 49, 38], 3291.7368421052633, 0.04853072436418557, 1261869.4165145522, 0.022194237970259274]
27:[[1.1, 42, 35, 30, 40, 56, 3.1, 36, 59, 27.8, 67, 35, 12.9, 23.8, 43, 26.1, 9.8, 8.6, 49, 38], 3291.7368421052633, 0.04853072436418557, 1254827.5194236345, 0.022776882566622168]
28:[[1.1, 42, 35, 30, 40, 56, 3.1, 36, 59, 27.8, 67, 35, 12.9, 23.8, 43, 26.1, 9.8, 8.6, 49, 38], 3291.7368421052633, 0.04853072436418557, 1061260.2602635091, 0.022880758343530948]
29:[[1.1, 42, 35, 30, 40, 56, 3.1, 36, 59, 27.8, 67, 35, 12.9, 23.8, 43, 26.1, 9.8, 8.6, 49, 38], 3291.7368421052633, 0.04853072436418557, 1243708.6837735216, 0.022133512990001845]
30:[[1.1, 41, 32, 30, 40, 56, 3.1, 36, 59, 27.8, 67, 35, 12.9, 21.4, 31, 21.6, 13.8, 9.1, 39, 36], 3017.0, 0.05241745048875482, 1346892.1117719759, 0.021566751023084554]
31:[[1.1, 41, 32, 30, 40, 56, 3.1, 36, 59, 27.8, 67, 35, 12.9, 21.4, 31, 21.6, 13.8, 9.1, 39, 36], 3017.0, 0.05241745048875482, 735536.5191611998, 0.02393405373174182]
32:[[1.1, 41, 32, 30, 40, 56, 3.1, 36, 59, 27.8, 67, 35, 12.9, 21.4, 31, 21.6, 13.8, 9.1, 39, 36], 3017.0, 0.05241745048875482, 1473873.2480023224, 0.021929541219895585]
33:[[1.1, 41, 32, 30, 40, 56, 3.1, 36, 59, 27.8, 67, 35, 12.9, 21.4, 31, 21.6, 13.8, 9.1, 39, 36], 3017.0, 0.05241745048875482, 1261572.0137493445, 0.022128236211878465]
34:[[1.1, 41, 32, 30, 40, 56, 3.1, 36, 59, 27.8, 67, 35, 12.9, 21.4, 31, 21.6, 13.8, 9.1, 39, 36], 3017.0, 0.05241745048875482, 1152971.8675173589, 0.02245716290575449]
35:[[1.1, 41, 32, 30, 40, 56, 3.1, 36, 59, 27.8, 67, 35, 12.9, 21.4, 31, 21.6, 13.8, 9.1, 39, 36], 3017.0, 0.05241745048875482, 640440.9749615111, 0.02552489327850881]
36:[[1.1, 41, 32, 30, 40, 56, 3.1, 36, 59, 27.8, 67, 35, 12.9, 21.4, 31, 21.6, 13.8, 9.1, 39, 36], 3017.0, 0.05241745048875482, 629161.8082854144, 0.024442921955497115]
37:[[1.1, 41, 32, 30, 40, 56, 3.1, 36, 59, 27.8, 67, 35, 12.9, 21.4, 31, 21.6, 13.8, 9.1, 39, 36], 3017.0, 0.05241745048875482, 345624.9147333768, 0.027881264442144033]
38:[[1.1, 41, 32, 30, 40, 56, 3.1, 36, 59, 27.8, 67, 35, 12.9, 21.4, 31, 21.6, 13.8, 9.1, 39, 36], 3017.0, 0.05241745048875482, 313571.0789223801, 0.03139762453123239]
39:[[1.1, 41, 32, 30, 40, 56, 3.1, 36, 59, 27.8, 67, 35, 12.9, 21.4, 31, 21.6, 13.8, 9.1, 39, 36], 3017.0, 0.05241745048875482, 572446.6479553403, 0.02523604928350482]
40:[[1.1, 41, 32, 30, 40, 56, 3.1, 36, 59, 27.8, 67, 35, 12.9, 21.4, 31, 21.6, 13.8, 9.1, 39, 36], 3017.0, 0.05241745048875482, 1335383.3812322316, 0.02279213167286392]
41:[[1.1, 41, 32, 30, 40, 56, 3.1, 36, 59, 27.8, 67, 35, 12.9, 21.4, 31, 21.6, 13.8, 9.1, 39, 36], 3017.0, 0.05241745048875482, 1228012.2160734725, 0.022395407347851812]
42:[[1.1, 41, 32, 30, 40, 56, 3.1, 36, 59, 27.8, 67, 35, 12.9, 21.4, 31, 21.6, 13.8, 9.1, 39, 36], 3017.0, 0.05241745048875482, 1232809.058111935, 0.02246687890712469]
43:[[1.1, 41, 32, 30, 40, 56, 3.1, 36, 59, 27.8, 67, 35, 12.9, 21.4, 31, 21.6, 13.8, 9.1, 39, 36], 3017.0, 0.05241745048875482, 549352.99078865, 0.024690785374700503]
44:[[1.1, 41, 32, 30, 40, 56, 3.1, 36, 59, 27.8, 67, 35, 12.9, 21.4, 31, 21.6, 13.8, 9.1, 39, 36], 3017.0, 0.05241745048875482, 601240.1996999334, 0.024801563575068998]
45:[[1.1, 41, 32, 30, 40, 56, 3.1, 36, 59, 27.8, 67, 35, 12.9, 21.4, 31, 21.6, 13.8, 9.1, 39, 36], 3017.0, 0.05241745048875482, 544141.4308553119, 0.02540870092502774]
46:[[1.1, 41, 32, 30, 40, 56, 3.1, 36, 59, 27.8, 67, 35, 12.9, 21.4, 31, 21.6, 13.8, 9.1, 39, 36], 3017.0, 0.05241745048875482, 595427.9568681571, 0.02674209384716148]
47:[[1.1, 41, 32, 30, 40, 56, 3.1, 36, 59, 27.8, 67, 35, 12.9, 21.4, 31, 21.6, 13.8, 9.1, 39, 36], 3017.0, 0.05241745048875482, 647647.0907918127, 0.02643397108028105]
48:[[1.1, 41, 32, 30, 40, 56, 3.1, 36, 59, 27.8, 67, 35, 12.9, 21.4, 31, 21.6, 13.8, 9.1, 39, 36], 3017.0, 0.05241745048875482, 1148358.4672827092, 0.022885883731664926]
49:[[1.1, 41, 32, 30, 40, 56, 3.1, 36, 59, 27.8, 67, 35, 12.9, 21.4, 31, 21.6, 13.8, 9.1, 39, 36], 3017.0, 0.05241745048875482, 1151680.6243655684, 0.0229920074195185]
50:[[1.1, 41, 32, 30, 40, 56, 3.1, 36, 59, 27.8, 67, 35, 12.9, 21.4, 31, 21.6, 13.8, 9.1, 39, 36], 3017.0, 0.05241745048875482, 1460802.4676327102, 0.022091583588615682]
51:[[1.1, 41, 32, 30, 40, 56, 3.1, 36, 59, 27.8, 67, 35, 12.9, 21.4, 31, 21.6, 13.8, 9.1, 39, 36], 3017.0, 0.05241745048875482, 1204099.1007544927, 0.023616130126872793]
52:[[1.1, 41, 32, 30, 40, 56, 3.1, 36, 59, 27.8, 67, 35, 12.9, 21.4, 31, 21.6, 13.8, 9.1, 39, 36], 3017.0, 0.05241745048875482, 624431.9255430127, 0.027235493648386597]
53:[[1.1, 41, 32, 30, 40, 56, 3.1, 36, 59, 27.8, 67, 35, 12.9, 21.4, 31, 21.6, 13.8, 9.1, 39, 36], 3017.0, 0.05241745048875482, 698671.1582573937, 0.02611583218320938]
54:[[1.1, 41, 32, 30, 40, 56, 3.1, 36, 59, 27.8, 67, 35, 12.9, 21.4, 31, 21.6, 13.8, 9.1, 39, 36], 3017.0, 0.05241745048875482, 558516.5730282931, 0.025899948817331698]
55:[[1.1, 41, 32, 30, 40, 56, 3.1, 36, 59, 27.8, 67, 35, 12.9, 21.4, 31, 21.6, 13.8, 9.1, 39, 36], 3017.0, 0.05241745048875482, 890174.7977723622, 0.023057488015375025]
56:[[1.1, 59, 32, 30, 40, 56, 3.1, 36, 59, 23.2, 59, 33, 1.6, 22.3, 40, 30.0, 19.0, 1.3, 50, 32], 2961.5, 0.05291508971336411, 570720.3299476714, 0.025222397842068336]
57:[[1.1, 59, 32, 30, 40, 56, 3.1, 36, 59, 23.2, 59, 33, 1.6, 22.3, 40, 30.0, 19.0, 1.3, 50, 32], 2961.5, 0.05291508971336411, 1213352.1700751297, 0.022990493845913573]
58:[[1.1, 59, 32, 30, 40, 56, 3.1, 36, 59, 23.2, 59, 33, 1.6, 22.3, 40, 30.0, 19.0, 1.3, 50, 32], 2961.5, 0.05291508971336411, 693507.4272959799, 0.02450668961704697]
59:[[1.1, 59, 32, 30, 40, 56, 3.1, 36, 59, 23.2, 59, 33, 1.6, 22.3, 40, 30.0, 19.0, 1.3, 50, 32], 2961.5, 0.05291508971336411, 1162053.8171561516, 0.022890205184153835]
60:[[1.1, 59, 32, 30, 40, 56, 3.1, 36, 59, 23.2, 59, 33, 1.6, 22.3, 40, 30.0, 19.0, 1.3, 50, 32], 2961.5, 0.05291508971336411, 541283.1705439717, 0.0264898012083212]
61:[[1.1, 59, 32, 30, 40, 56, 3.1, 36, 59, 23.2, 59, 33, 1.6, 22.3, 40, 30.0, 19.0, 1.3, 50, 32], 2961.5, 0.05291508971336411, 676524.7225402994, 0.023936948773314252]
62:[[1.1, 59, 32, 30, 40, 56, 3.1, 36, 59, 23.2, 59, 33, 1.6, 22.3, 40, 30.0, 19.0, 1.3, 50, 32], 2961.5, 0.05291508971336411, 1235652.9822908367, 0.022894005111985187]
63:[[1.1, 59, 32, 30, 40, 56, 3.1, 36, 59, 23.2, 59, 33, 1.6, 22.3, 40, 30.0, 19.0, 1.3, 50, 32], 2961.5, 0.05291508971336411, 553438.3066689597, 0.026138675155490367]
64:[[1.1, 59, 32, 30, 40, 56, 3.1, 36, 59, 23.2, 59, 33, 1.6, 22.3, 40, 30.0, 19.0, 1.3, 50, 32], 2961.5, 0.05291508971336411, 1738015.0961693635, 0.02212609032092985]
65:[[1.1, 59, 32, 30, 40, 56, 3.1, 36, 59, 23.2, 59, 33, 1.6, 22.3, 40, 30.0, 19.0, 1.3, 50, 32], 2961.5, 0.05291508971336411, 1242612.9434984557, 0.022818713064313562]
66:[[1.1, 59, 32, 30, 40, 56, 3.1, 36, 59, 23.2, 59, 33, 1.6, 22.3, 40, 30.0, 19.0, 1.3, 50, 32], 2961.5, 0.05291508971336411, 591983.0627723881, 0.02545817258193946]
67:[[1.1, 59, 32, 30, 40, 56, 3.1, 36, 59, 23.2, 59, 33, 1.6, 22.3, 40, 30.0, 19.0, 1.3, 50, 32], 2961.5, 0.05291508971336411, 770082.6804989404, 0.023557889597648415]
68:[[7.8, 48, 43, 46, 64, 41, 3.1, 33, 40, 28.7, 80.0, 40, 13.0, 23.6, 33, 15.7, 9.9, 7.0, 38, 31], 2921.1290322580644, 0.031685949768054986, 802664.4085785055, 0.02391092849828298]
69:[[7.8, 48, 43, 46, 64, 41, 3.1, 33, 40, 28.7, 80.0, 40, 13.0, 23.6, 33, 15.7, 9.9, 7.0, 38, 31], 2921.1290322580644, 0.031685949768054986, 673459.50417143, 0.026507472145090458]
70:[[7.8, 48, 43, 46, 64, 41, 3.1, 33, 40, 28.7, 80.0, 40, 13.0, 23.6, 33, 15.7, 9.9, 7.0, 38, 31], 2921.1290322580644, 0.031685949768054986, 1232920.6214371389, 0.022631235426526376]
71:[[7.8, 48, 43, 46, 64, 41, 3.1, 33, 40, 28.7, 80.0, 40, 13.0, 23.6, 33, 15.7, 9.9, 7.0, 38, 31], 2921.1290322580644, 0.031685949768054986, 1115341.7521276993, 0.023006404539264433]
72:[[7.8, 48, 43, 46, 64, 41, 3.1, 33, 40, 28.7, 80.0, 40, 13.0, 23.6, 33, 15.7, 9.9, 7.0, 38, 31], 2921.1290322580644, 0.031685949768054986, 441401.6528121331, 0.025195634879545625]
73:[[7.8, 48, 43, 46, 64, 41, 3.1, 33, 40, 28.7, 80.0, 40, 13.0, 23.6, 33, 15.7, 9.9, 7.0, 38, 31], 2921.1290322580644, 0.031685949768054986, 1147762.5587649967, 0.022580081040402974]
74:[[7.8, 48, 43, 46, 64, 41, 3.1, 33, 40, 28.7, 80.0, 40, 13.0, 23.6, 33, 15.7, 9.9, 7.0, 38, 31], 2921.1290322580644, 0.031685949768054986, 814431.7665219727, 0.023181641342740065]
75:[[7.8, 48, 43, 46, 64, 41, 3.1, 33, 40, 28.7, 80.0, 40, 13.0, 23.6, 33, 15.7, 9.9, 7.0, 38, 31], 2921.1290322580644, 0.031685949768054986, 623810.6966844351, 0.024455783722150456]
76:[[7.8, 48, 43, 46, 64, 41, 3.1, 33, 40, 28.7, 80.0, 40, 13.0, 23.6, 33, 15.7, 9.9, 7.0, 38, 31], 2921.1290322580644, 0.031685949768054986, 2643327.817233767, 0.021097919982989755]
77:[[7.8, 48, 43, 46, 64, 41, 3.1, 33, 40, 28.7, 80.0, 40, 13.0, 23.6, 33, 15.7, 9.9, 7.0, 38, 31], 2921.1290322580644, 0.031685949768054986, 1169214.9819706506, 0.023611415280654784]
78:[[7.8, 48, 43, 46, 64, 41, 3.1, 33, 40, 28.7, 80.0, 40, 13.0, 23.6, 33, 15.7, 9.9, 7.0, 38, 31], 2921.1290322580644, 0.031685949768054986, 1237543.0445466698, 0.02221528128436452]
79:[[7.8, 48, 43, 46, 64, 41, 3.1, 33, 40, 28.7, 80.0, 40, 13.0, 23.6, 33, 15.7, 9.9, 7.0, 38, 31], 2921.1290322580644, 0.031685949768054986, 564416.0657489981, 0.024639161324238924]
80:[[7.8, 48, 43, 46, 64, 41, 3.1, 33, 40, 28.7, 80.0, 40, 13.0, 23.6, 33, 15.7, 9.9, 7.0, 38, 31], 2921.1290322580644, 0.031685949768054986, 521666.78573468095, 0.025734591294859905]
81:[[7.8, 48, 43, 46, 64, 41, 3.1, 33, 40, 28.7, 80.0, 40, 13.0, 23.6, 33, 15.7, 9.9, 7.0, 38, 31], 2921.1290322580644, 0.031685949768054986, 607291.882172963, 0.02499833900812557]
82:[[7.8, 48, 43, 46, 64, 41, 3.1, 33, 40, 28.7, 80.0, 40, 13.0, 23.6, 33, 15.7, 9.9, 7.0, 38, 31], 2921.1290322580644, 0.031685949768054986, 629825.8888922129, 0.024526624365725953]
83:[[7.8, 48, 43, 46, 64, 41, 3.1, 33, 40, 28.7, 80.0, 40, 13.0, 23.6, 33, 15.7, 9.9, 7.0, 38, 31], 2921.1290322580644, 0.031685949768054986, 1147804.0181815857, 0.022555077958602246]
84:[[7.8, 48, 43, 46, 64, 41, 3.1, 33, 40, 28.7, 80.0, 40, 13.0, 23.6, 33, 15.7, 9.9, 7.0, 38, 31], 2921.1290322580644, 0.031685949768054986, 440855.83405728405, 0.027224979376599165]
85:[[7.8, 48, 43, 46, 64, 41, 3.1, 33, 40, 28.7, 80.0, 40, 13.0, 23.6, 33, 15.7, 9.9, 7.0, 38, 31], 2921.1290322580644, 0.031685949768054986, 490527.6597767532, 0.026647844539418684]
86:[[7.8, 48, 43, 46, 64, 41, 3.1, 33, 40, 28.7, 80.0, 40, 13.0, 23.6, 33, 15.7, 9.9, 7.0, 38, 31], 2921.1290322580644, 0.031685949768054986, 1190860.3523229144, 0.023375090393290787]
87:[[7.8, 48, 43, 46, 64, 41, 3.1, 33, 40, 28.7, 80.0, 40, 13.0, 23.6, 33, 15.7, 9.9, 7.0, 38, 31], 2921.1290322580644, 0.031685949768054986, 709002.9810260492, 0.026100485479423254]
88:[[7.8, 48, 43, 46, 64, 41, 3.1, 33, 40, 28.7, 80.0, 40, 13.0, 23.6, 33, 15.7, 9.9, 7.0, 38, 31], 2921.1290322580644, 0.031685949768054986, 915877.9858722241, 0.02354500692330136]
89:[[7.8, 48, 43, 46, 64, 41, 3.1, 33, 40, 28.7, 80.0, 40, 13.0, 23.6, 33, 15.7, 9.9, 7.0, 38, 31], 2921.1290322580644, 0.031685949768054986, 529233.1790964298, 0.025880281343974992]
90:[[7.8, 48, 43, 46, 64, 41, 3.1, 33, 40, 28.7, 80.0, 40, 13.0, 23.6, 33, 15.7, 9.9, 7.0, 38, 31], 2921.1290322580644, 0.031685949768054986, 1168567.2663439582, 0.023119957910472784]
91:[[7.8, 48, 43, 46, 64, 41, 3.1, 33, 40, 28.7, 80.0, 40, 13.0, 23.6, 33, 15.7, 9.9, 7.0, 38, 31], 2921.1290322580644, 0.031685949768054986, 547058.6179471724, 0.024746644351593218]
92:[[7.8, 48, 43, 46, 64, 41, 3.1, 33, 40, 28.7, 80.0, 40, 13.0, 23.6, 33, 15.7, 9.9, 7.0, 38, 31], 2921.1290322580644, 0.031685949768054986, 1206220.3764323208, 0.023235071220021115]
93:[[7.8, 48, 43, 46, 64, 41, 3.1, 33, 40, 28.7, 80.0, 40, 13.0, 23.6, 33, 15.7, 9.9, 7.0, 38, 31], 2921.1290322580644, 0.031685949768054986, 641936.6942076345, 0.026519059928664185]
94:[[7.8, 48, 43, 46, 64, 41, 3.1, 33, 40, 28.7, 80.0, 40, 13.0, 23.6, 33, 15.7, 9.9, 7.0, 38, 31], 2921.1290322580644, 0.031685949768054986, 816924.4210250953, 0.023921899625962244]
95:[[7.8, 48, 43, 46, 64, 41, 3.1, 33, 40, 28.7, 80.0, 40, 13.0, 23.6, 33, 15.7, 9.9, 7.0, 38, 31], 2921.1290322580644, 0.031685949768054986, 1231077.4445156704, 0.02281092194603155]
96:[[7.8, 48, 43, 46, 64, 41, 3.1, 33, 40, 28.7, 80.0, 40, 13.0, 23.6, 33, 15.7, 9.9, 7.0, 38, 31], 2921.1290322580644, 0.031685949768054986, 2265869.6446602372, 0.021298078925555904]
97:[[7.8, 48, 43, 46, 64, 41, 3.1, 33, 40, 28.7, 80.0, 40, 13.0, 23.6, 33, 15.7, 9.9, 7.0, 38, 31], 2921.1290322580644, 0.031685949768054986, 623577.453248767, 0.026936780306829854]
98:[[7.8, 48, 43, 46, 64, 41, 3.1, 33, 40, 28.7, 80.0, 40, 13.0, 23.6, 33, 15.7, 9.9, 7.0, 38, 31], 2921.1290322580644, 0.031685949768054986, 1229293.700216735, 0.02183029063614933]
99:[[7.8, 48, 43, 46, 64, 41, 3.1, 33, 40, 28.7, 80.0, 40, 13.0, 23.6, 33, 15.7, 9.9, 7.0, 38, 31], 2921.1290322580644, 0.031685949768054986, 1293119.4700704948, 0.022700785670617857]
