No Variation 
population: 50
 ____________________Base_______________________ 
 [[72.0, 72.0, 50.0, 18.0, 9.0, 34.0, 50.0, 69.0, 36.0, 3.0, 40.0, 80.0, 30.0, 0.1, 38.0, 50.0, 11.0, 19.0, 30.0, 50.0], 44465.0, 0.09997818677419043, 322442.6703436173, -1]
 ____________________Best Solution Per Generation_______________________ 
 0:[[32, 48, 34, 17.4, 1.3, 31, 41, 68, 30, 2.3, 36, 75, 27.6, 0.3, 30, 32, 2.4, 14.3, 26.3, 31], 18184.129032258064, 0.051032612954708255, 1609007.2986628665, 0.024250268181079244]
1:[[35, 35, 34, 12.1, 3.5, 31, 47, 56, 36, 2.2, 30, 60, 18.0, 0.3, 36, 41, 9.5, 7.4, 12.1, 41], 18101.80487804878, 0.09992720279688899, 696661.5099115716, 0.02987895180397643]
2:[[38, 71, 37, 5.1, 8.9, 32, 49, 61, 31, 2.6, 37, 45, 13.9, 0.3, 33, 50, 10.0, 14.3, 14.9, 35], 17117.85714285714, 0.0849225373023223, 977847.0523915096, 0.02744266632176751]
3:[[52, 59, 44, 17.8, 3.8, 34, 44, 66, 33, 2.2, 30, 60, 18.0, 0.3, 36, 41, 2.5, 16.4, 23.6, 30], 16739.0, 0.07717343671314197, 1392466.7246813471, 0.023627381163427642]
4:[[52, 59, 44, 17.8, 3.8, 34, 44, 66, 33, 2.2, 30, 60, 18.0, 0.3, 36, 41, 2.5, 16.4, 23.6, 30], 16739.0, 0.07717343671314197, 1528664.8088159398, 0.024590925769816575]
5:[[52, 59, 44, 17.8, 3.8, 34, 44, 66, 33, 2.2, 30, 60, 18.0, 0.3, 36, 41, 2.5, 16.4, 23.6, 30], 16739.0, 0.07717343671314197, 669143.2166926049, 0.03323905587545033]
6:[[52, 59, 44, 17.8, 3.8, 34, 44, 66, 33, 2.2, 30, 60, 18.0, 0.3, 36, 41, 2.5, 16.4, 23.6, 30], 16739.0, 0.07717343671314197, 628529.0107898735, 0.029141782850336393]
7:[[52, 59, 44, 17.8, 3.8, 34, 44, 66, 33, 2.2, 30, 60, 18.0, 0.3, 36, 41, 2.5, 16.4, 23.6, 30], 16739.0, 0.07717343671314197, 756124.9056225589, 0.028229524202130058]
8:[[52, 59, 44, 17.8, 3.8, 34, 44, 66, 33, 2.2, 30, 60, 18.0, 0.3, 36, 41, 2.5, 16.4, 23.6, 30], 16739.0, 0.07717343671314197, 1225743.2066643552, 0.024302127691203684]
9:[[52, 59, 44, 17.8, 3.8, 34, 44, 66, 33, 2.2, 30, 60, 18.0, 0.3, 36, 41, 2.5, 16.4, 23.6, 30], 16739.0, 0.07717343671314197, 1188694.2906347476, 0.02451339142242973]
10:[[52, 59, 44, 17.8, 3.8, 34, 44, 66, 33, 2.2, 30, 60, 18.0, 0.3, 36, 41, 2.5, 16.4, 23.6, 30], 16739.0, 0.07717343671314197, 707421.1691316557, 0.030502049351313537]
11:[[52, 59, 44, 17.8, 3.8, 34, 44, 66, 33, 2.2, 30, 60, 18.0, 0.3, 36, 41, 2.5, 16.4, 23.6, 30], 16739.0, 0.07717343671314197, 1707208.017007213, 0.023499746738216858]
12:[[52, 59, 35, 17.8, 6.8, 34, 44, 57, 33, 3.0, 39, 45, 18.0, 0.3, 36, 41, 2.5, 17.5, 16.0, 30], 16001.0, 0.061725785368678045, 798719.6767402703, 0.027549971755655146]
13:[[52, 59, 35, 17.8, 6.8, 34, 44, 57, 33, 3.0, 39, 45, 18.0, 0.3, 36, 41, 2.5, 17.5, 16.0, 30], 16001.0, 0.061725785368678045, 634408.2966785696, 0.03215806841136227]
14:[[52, 59, 35, 17.8, 6.8, 34, 44, 57, 33, 3.0, 39, 45, 18.0, 0.3, 36, 41, 2.5, 17.5, 16.0, 30], 16001.0, 0.061725785368678045, 1296043.290155259, 0.024870157295339073]
15:[[52, 59, 35, 17.8, 6.8, 34, 44, 57, 33, 3.0, 39, 45, 18.0, 0.3, 36, 41, 2.5, 17.5, 16.0, 30], 16001.0, 0.061725785368678045, 1649211.0494863424, 0.022897923411321165]
16:[[52, 59, 35, 17.8, 6.8, 34, 44, 57, 33, 3.0, 39, 45, 18.0, 0.3, 36, 41, 2.5, 17.5, 16.0, 30], 16001.0, 0.061725785368678045, 1036462.692198712, 0.026437283252262345]
17:[[52, 59, 35, 17.8, 6.8, 34, 44, 57, 33, 3.0, 39, 45, 18.0, 0.3, 36, 41, 2.5, 17.5, 16.0, 30], 16001.0, 0.061725785368678045, 1345583.4273137294, 0.02424587714381035]
18:[[52, 59, 35, 17.8, 6.8, 34, 44, 57, 33, 3.0, 39, 45, 18.0, 0.3, 36, 41, 2.5, 17.5, 16.0, 30], 16001.0, 0.061725785368678045, 786170.5252289802, 0.02778600752895788]
19:[[52, 59, 35, 17.8, 6.8, 34, 44, 57, 33, 3.0, 39, 45, 18.0, 0.3, 36, 41, 2.5, 17.5, 16.0, 30], 16001.0, 0.061725785368678045, 1492316.6700218273, 0.024064762724564762]
20:[[52, 59, 35, 17.8, 6.8, 34, 44, 57, 33, 3.0, 39, 45, 18.0, 0.3, 36, 41, 2.5, 17.5, 16.0, 30], 16001.0, 0.061725785368678045, 699718.6413864084, 0.03473712128001324]
21:[[52, 59, 35, 17.8, 6.8, 34, 44, 57, 33, 3.0, 39, 45, 18.0, 0.3, 36, 41, 2.5, 17.5, 16.0, 30], 16001.0, 0.061725785368678045, 1258678.4972862569, 0.025980477561347182]
22:[[52, 59, 35, 17.8, 6.8, 34, 44, 57, 33, 3.0, 39, 45, 18.0, 0.3, 36, 41, 2.5, 17.5, 16.0, 30], 16001.0, 0.061725785368678045, 924085.0651235208, 0.0269917089316867]
23:[[52, 59, 35, 17.8, 6.8, 34, 44, 57, 33, 3.0, 39, 45, 18.0, 0.3, 36, 41, 2.5, 17.5, 16.0, 30], 16001.0, 0.061725785368678045, 1114335.7871747199, 0.024312846879646646]
24:[[52, 59, 35, 17.8, 6.8, 34, 44, 57, 33, 3.0, 39, 45, 18.0, 0.3, 36, 41, 2.5, 17.5, 16.0, 30], 16001.0, 0.061725785368678045, 1373454.2979122736, 0.025752088444233358]
25:[[52, 59, 35, 17.8, 6.8, 34, 44, 57, 33, 3.0, 39, 45, 18.0, 0.3, 36, 41, 2.5, 17.5, 16.0, 30], 16001.0, 0.061725785368678045, 886726.2171333209, 0.02759963604505135]
26:[[52, 59, 35, 17.8, 6.8, 34, 44, 57, 33, 3.0, 39, 45, 18.0, 0.3, 36, 41, 2.5, 17.5, 16.0, 30], 16001.0, 0.061725785368678045, 1274704.985727939, 0.024392740712670252]
27:[[52, 59, 35, 17.8, 6.8, 34, 44, 57, 33, 3.0, 39, 45, 18.0, 0.3, 36, 41, 2.5, 17.5, 16.0, 30], 16001.0, 0.061725785368678045, 512695.8016440963, 0.03832165966786844]
28:[[52, 59, 35, 17.8, 6.8, 34, 44, 57, 33, 3.0, 39, 45, 18.0, 0.3, 36, 41, 2.5, 17.5, 16.0, 30], 16001.0, 0.061725785368678045, 1234077.112797349, 0.025636482303016784]
29:[[52, 59, 35, 17.8, 6.8, 34, 44, 57, 33, 3.0, 39, 45, 18.0, 0.3, 36, 41, 2.5, 17.5, 16.0, 30], 16001.0, 0.061725785368678045, 1519481.2173203956, 0.024835997878368817]
30:[[52, 59, 35, 17.8, 6.8, 34, 44, 57, 33, 3.0, 39, 45, 18.0, 0.3, 36, 41, 2.5, 17.5, 16.0, 30], 16001.0, 0.061725785368678045, 854620.1058916779, 0.02766181551945781]
31:[[52, 59, 35, 17.8, 6.8, 34, 44, 57, 33, 3.0, 39, 45, 18.0, 0.3, 36, 41, 2.5, 17.5, 16.0, 30], 16001.0, 0.061725785368678045, 788684.1962246362, 0.02817826732439059]
32:[[52, 59, 35, 17.8, 6.8, 34, 44, 57, 33, 3.0, 39, 45, 18.0, 0.3, 36, 41, 2.5, 17.5, 16.0, 30], 16001.0, 0.061725785368678045, 1658829.1188606373, 0.023602651807167575]
33:[[52, 59, 35, 17.8, 6.8, 34, 44, 57, 33, 3.0, 39, 45, 18.0, 0.3, 36, 41, 2.5, 17.5, 16.0, 30], 16001.0, 0.061725785368678045, 2395661.4150930988, 0.022636268308748875]
34:[[52, 59, 35, 17.8, 6.8, 34, 44, 57, 33, 3.0, 39, 45, 18.0, 0.3, 36, 41, 2.5, 17.5, 16.0, 30], 16001.0, 0.061725785368678045, 1661510.5926509248, 0.02331012912913843]
35:[[52, 59, 35, 17.8, 6.8, 34, 44, 57, 33, 3.0, 39, 45, 18.0, 0.3, 36, 41, 2.5, 17.5, 16.0, 30], 16001.0, 0.061725785368678045, 1369725.5206185407, 0.024481366714488702]
36:[[52, 59, 35, 17.8, 6.8, 34, 44, 57, 33, 3.0, 39, 45, 18.0, 0.3, 36, 41, 2.5, 17.5, 16.0, 30], 16001.0, 0.061725785368678045, 1194976.6029667805, 0.02693855962058204]
37:[[52, 59, 35, 17.8, 6.8, 34, 44, 57, 33, 3.0, 39, 45, 18.0, 0.3, 36, 41, 2.5, 17.5, 16.0, 30], 16001.0, 0.061725785368678045, 944375.2102949508, 0.02804534792403943]
38:[[52, 59, 35, 17.8, 6.8, 34, 44, 57, 33, 3.0, 39, 45, 18.0, 0.3, 36, 41, 2.5, 17.5, 16.0, 30], 16001.0, 0.061725785368678045, 701957.064557929, 0.030213090129962206]
39:[[52, 59, 35, 17.8, 6.8, 34, 44, 57, 33, 3.0, 39, 45, 18.0, 0.3, 36, 41, 2.5, 17.5, 16.0, 30], 16001.0, 0.061725785368678045, 1297327.7360281148, 0.02411834570866371]
40:[[52, 59, 35, 17.8, 6.8, 34, 44, 57, 33, 3.0, 39, 45, 18.0, 0.3, 36, 41, 2.5, 17.5, 16.0, 30], 16001.0, 0.061725785368678045, 629712.8855595298, 0.02867164910467516]
41:[[52, 59, 35, 17.8, 6.8, 34, 44, 57, 33, 3.0, 39, 45, 18.0, 0.3, 36, 41, 2.5, 17.5, 16.0, 30], 16001.0, 0.061725785368678045, 805313.3826300931, 0.027892849356742466]
42:[[52, 59, 35, 17.8, 6.8, 34, 44, 57, 33, 3.0, 39, 45, 18.0, 0.3, 36, 41, 2.5, 17.5, 16.0, 30], 16001.0, 0.061725785368678045, 619539.0301579172, 0.02836328698903747]
43:[[52, 59, 35, 17.8, 6.8, 34, 44, 57, 33, 3.0, 39, 45, 18.0, 0.3, 36, 41, 2.5, 17.5, 16.0, 30], 16001.0, 0.061725785368678045, 509081.4422967942, 0.031045041398173125]
44:[[52, 59, 35, 17.8, 6.8, 34, 44, 57, 33, 3.0, 39, 45, 18.0, 0.3, 36, 41, 2.5, 17.5, 16.0, 30], 16001.0, 0.061725785368678045, 569418.2576517377, 0.03132038195311675]
45:[[52, 59, 35, 17.8, 6.8, 34, 44, 57, 33, 3.0, 39, 45, 18.0, 0.3, 36, 41, 2.5, 17.5, 16.0, 30], 16001.0, 0.061725785368678045, 538824.393882899, 0.030295386773647556]
46:[[52, 59, 35, 17.8, 6.8, 34, 44, 57, 33, 3.0, 39, 45, 18.0, 0.3, 36, 41, 2.5, 17.5, 16.0, 30], 16001.0, 0.061725785368678045, 1482209.0183080574, 0.02395895270147504]
47:[[38, 39, 47, 17.8, 8.5, 31, 43, 69, 32, 2.7, 34, 45, 19.1, 0.3, 36, 35, 6.9, 13.0, 26.7, 41], 15968.80487804878, 0.08256216399827893, 1697666.533953722, 0.02354951834246556]
48:[[38, 39, 47, 17.8, 8.5, 31, 43, 69, 32, 2.7, 34, 45, 19.1, 0.3, 36, 35, 6.9, 13.0, 26.7, 41], 15968.80487804878, 0.08256216399827893, 717456.686598636, 0.032043638437529436]
49:[[38, 39, 47, 17.8, 8.5, 31, 43, 69, 32, 2.7, 34, 45, 19.1, 0.3, 36, 35, 6.9, 13.0, 26.7, 41], 15968.80487804878, 0.08256216399827893, 1787681.6148216492, 0.023409517012024615]
50:[[38, 39, 47, 17.8, 8.5, 31, 43, 69, 32, 2.7, 34, 45, 19.1, 0.3, 36, 35, 6.9, 13.0, 26.7, 41], 15968.80487804878, 0.08256216399827893, 1170105.2387555465, 0.024841549670730965]
51:[[38, 39, 47, 17.8, 8.5, 31, 43, 69, 32, 2.7, 34, 45, 19.1, 0.3, 36, 35, 6.9, 13.0, 26.7, 41], 15968.80487804878, 0.08256216399827893, 866300.5696109548, 0.02824052872012167]
52:[[38, 39, 47, 17.8, 8.5, 31, 43, 69, 32, 2.7, 34, 45, 19.1, 0.3, 36, 35, 6.9, 13.0, 26.7, 41], 15968.80487804878, 0.08256216399827893, 1550279.0518594976, 0.025173982221461028]
53:[[38, 39, 47, 17.8, 8.5, 31, 43, 69, 32, 2.7, 34, 45, 19.1, 0.3, 36, 35, 6.9, 13.0, 26.7, 41], 15968.80487804878, 0.08256216399827893, 1282499.2308390774, 0.025751654917943557]
54:[[38, 39, 47, 17.8, 8.5, 31, 43, 69, 32, 2.7, 34, 45, 19.1, 0.3, 36, 35, 6.9, 13.0, 26.7, 41], 15968.80487804878, 0.08256216399827893, 584184.1669752426, 0.033570886076000145]
55:[[38, 39, 47, 17.8, 8.5, 31, 43, 69, 32, 2.7, 34, 45, 19.1, 0.3, 36, 35, 6.9, 13.0, 26.7, 41], 15968.80487804878, 0.08256216399827893, 748359.2743521861, 0.027968099086361393]
56:[[38, 39, 47, 17.8, 8.5, 31, 43, 69, 32, 2.7, 34, 45, 19.1, 0.3, 36, 35, 6.9, 13.0, 26.7, 41], 15968.80487804878, 0.08256216399827893, 463127.40938894334, 0.03160799333251247]
57:[[38, 39, 47, 17.8, 8.5, 31, 43, 69, 32, 2.7, 34, 45, 19.1, 0.3, 36, 35, 6.9, 13.0, 26.7, 41], 15968.80487804878, 0.08256216399827893, 715936.3296048034, 0.02887066255659701]
58:[[38, 39, 47, 17.8, 8.5, 31, 43, 69, 32, 2.7, 34, 45, 19.1, 0.3, 36, 35, 6.9, 13.0, 26.7, 41], 15968.80487804878, 0.08256216399827893, 671668.9976860334, 0.029963895610756606]
59:[[38, 39, 47, 17.8, 8.5, 31, 43, 69, 32, 2.7, 34, 45, 19.1, 0.3, 36, 35, 6.9, 13.0, 26.7, 41], 15968.80487804878, 0.08256216399827893, 1111686.828692627, 0.02624058809169293]
60:[[38, 39, 47, 17.8, 8.5, 31, 43, 69, 32, 2.7, 34, 45, 19.1, 0.3, 36, 35, 6.9, 13.0, 26.7, 41], 15968.80487804878, 0.08256216399827893, 585533.4786739189, 0.038502621297403894]
61:[[38, 39, 47, 17.8, 8.5, 31, 43, 69, 32, 2.7, 34, 45, 19.1, 0.3, 36, 35, 6.9, 13.0, 26.7, 41], 15968.80487804878, 0.08256216399827893, 1512444.19601476, 0.024181865884800115]
62:[[50, 55, 36, 14.6, 6.8, 31, 41, 65, 36, 3.0, 39, 62, 16.1, 0.3, 34, 45, 3.8, 6.2, 17.7, 33], 15828.09090909091, 0.05332828881166469, 1565721.4672941077, 0.02592709137082061]
63:[[50, 55, 36, 14.6, 6.8, 31, 41, 65, 36, 3.0, 39, 62, 16.1, 0.3, 34, 45, 3.8, 6.2, 17.7, 33], 15828.09090909091, 0.05332828881166469, 944634.5915780533, 0.028275045430842825]
64:[[50, 55, 36, 14.6, 6.8, 31, 41, 65, 36, 3.0, 39, 62, 16.1, 0.3, 34, 45, 3.8, 6.2, 17.7, 33], 15828.09090909091, 0.05332828881166469, 1469834.8153509113, 0.025401567159269774]
65:[[50, 55, 36, 14.6, 6.8, 31, 41, 65, 36, 3.0, 39, 62, 16.1, 0.3, 34, 45, 3.8, 6.2, 17.7, 33], 15828.09090909091, 0.05332828881166469, 1326173.2037992128, 0.02384474348972677]
66:[[50, 55, 36, 14.6, 6.8, 31, 41, 65, 36, 3.0, 39, 62, 16.1, 0.3, 34, 45, 3.8, 6.2, 17.7, 33], 15828.09090909091, 0.05332828881166469, 766424.0948795963, 0.02938021650277726]
67:[[50, 55, 36, 14.6, 6.8, 31, 41, 65, 36, 3.0, 39, 62, 16.1, 0.3, 34, 45, 3.8, 6.2, 17.7, 33], 15828.09090909091, 0.05332828881166469, 738983.2331511553, 0.026346952001179806]
68:[[50, 55, 36, 14.6, 6.8, 31, 41, 65, 36, 3.0, 39, 62, 16.1, 0.3, 34, 45, 3.8, 6.2, 17.7, 33], 15828.09090909091, 0.05332828881166469, 601365.2353361866, 0.033247338137628035]
69:[[50, 55, 36, 14.6, 6.8, 31, 41, 65, 36, 3.0, 39, 62, 16.1, 0.3, 34, 45, 3.8, 6.2, 17.7, 33], 15828.09090909091, 0.05332828881166469, 1382154.8511334872, 0.02519027307869865]
70:[[72.0, 72.0, 43, 18.0, 9.0, 34, 40, 69, 34, 2.7, 34, 60, 19.1, 0.3, 36, 43, 6.9, 13.0, 13.9, 48], 15794.0, 0.06988772095034394, 1033462.8076086907, 0.026767161315412867]
71:[[72.0, 72.0, 43, 18.0, 9.0, 34, 40, 69, 34, 2.7, 34, 60, 19.1, 0.3, 36, 43, 6.9, 13.0, 13.9, 48], 15794.0, 0.06988772095034394, 982354.0526944831, 0.028386053132379917]
72:[[72.0, 72.0, 43, 18.0, 9.0, 34, 40, 69, 34, 2.7, 34, 60, 19.1, 0.3, 36, 43, 6.9, 13.0, 13.9, 48], 15794.0, 0.06988772095034394, 1539456.5456326255, 0.023469168848832416]
73:[[72.0, 50, 30, 18.0, 9.0, 34, 48, 69, 31, 2.7, 36, 60, 19.1, 0.3, 36, 43, 6.9, 13.0, 13.9, 43], 15544.720930232557, 0.05400839684792701, 759640.4671271979, 0.028712738889671945]
74:[[72.0, 50, 30, 18.0, 9.0, 34, 48, 69, 31, 2.7, 36, 60, 19.1, 0.3, 36, 43, 6.9, 13.0, 13.9, 43], 15544.720930232557, 0.05400839684792701, 698079.1339380417, 0.03172427763820393]
75:[[72.0, 50, 30, 18.0, 9.0, 34, 48, 69, 31, 2.7, 36, 60, 19.1, 0.3, 36, 43, 6.9, 13.0, 13.9, 43], 15544.720930232557, 0.05400839684792701, 2371799.91752101, 0.022483459589961254]
76:[[72.0, 50, 30, 18.0, 9.0, 34, 48, 69, 31, 2.7, 36, 60, 19.1, 0.3, 36, 43, 6.9, 13.0, 13.9, 43], 15544.720930232557, 0.05400839684792701, 718623.241624929, 0.03198864939764013]
77:[[72.0, 50, 30, 18.0, 9.0, 34, 48, 69, 31, 2.7, 36, 60, 19.1, 0.3, 36, 43, 6.9, 13.0, 13.9, 43], 15544.720930232557, 0.05400839684792701, 680510.4718194781, 0.028939646016430617]
78:[[72.0, 50, 30, 18.0, 9.0, 34, 48, 69, 31, 2.7, 36, 60, 19.1, 0.3, 36, 43, 6.9, 13.0, 13.9, 43], 15544.720930232557, 0.05400839684792701, 865488.9974274408, 0.029086032864028635]
79:[[72.0, 50, 30, 18.0, 9.0, 34, 48, 69, 31, 2.7, 36, 60, 19.1, 0.3, 36, 43, 6.9, 13.0, 13.9, 43], 15544.720930232557, 0.05400839684792701, 1052011.5704796151, 0.02700958825763907]
80:[[72.0, 50, 30, 18.0, 9.0, 34, 48, 69, 31, 2.7, 36, 60, 19.1, 0.3, 36, 43, 6.9, 13.0, 13.9, 43], 15544.720930232557, 0.05400839684792701, 861481.8292841234, 0.02870068219999581]
81:[[72.0, 50, 30, 18.0, 9.0, 34, 48, 69, 31, 2.7, 36, 60, 19.1, 0.3, 36, 43, 6.9, 13.0, 13.9, 43], 15544.720930232557, 0.05400839684792701, 803331.9259835546, 0.0272350544188602]
82:[[72.0, 50, 30, 18.0, 9.0, 34, 48, 69, 31, 2.7, 36, 60, 19.1, 0.3, 36, 43, 6.9, 13.0, 13.9, 43], 15544.720930232557, 0.05400839684792701, 828325.2398911156, 0.029414015092960995]
83:[[72.0, 50, 30, 18.0, 9.0, 34, 48, 69, 31, 2.7, 36, 60, 19.1, 0.3, 36, 43, 6.9, 13.0, 13.9, 43], 15544.720930232557, 0.05400839684792701, 1256667.8111791206, 0.025320102383240457]
84:[[72.0, 50, 30, 18.0, 9.0, 34, 48, 69, 31, 2.7, 36, 60, 19.1, 0.3, 36, 43, 6.9, 13.0, 13.9, 43], 15544.720930232557, 0.05400839684792701, 1247967.1228436497, 0.02520546294740852]
85:[[72.0, 50, 30, 18.0, 9.0, 34, 48, 69, 31, 2.7, 36, 60, 19.1, 0.3, 36, 43, 6.9, 13.0, 13.9, 43], 15544.720930232557, 0.05400839684792701, 660483.8649101369, 0.03379680603177248]
86:[[72.0, 50, 30, 18.0, 9.0, 34, 48, 69, 31, 2.7, 36, 60, 19.1, 0.3, 36, 43, 6.9, 13.0, 13.9, 43], 15544.720930232557, 0.05400839684792701, 660150.243451399, 0.030776772626059164]
87:[[72.0, 50, 30, 18.0, 9.0, 34, 48, 69, 31, 2.7, 36, 60, 19.1, 0.3, 36, 43, 6.9, 13.0, 13.9, 43], 15544.720930232557, 0.05400839684792701, 994557.0911972331, 0.027632664634459365]
88:[[72.0, 50, 30, 18.0, 9.0, 34, 48, 69, 31, 2.7, 36, 60, 19.1, 0.3, 36, 43, 6.9, 13.0, 13.9, 43], 15544.720930232557, 0.05400839684792701, 1299138.3459539185, 0.02511898239977626]
89:[[72.0, 50, 30, 18.0, 9.0, 34, 48, 69, 31, 2.7, 36, 60, 19.1, 0.3, 36, 43, 6.9, 13.0, 13.9, 43], 15544.720930232557, 0.05400839684792701, 980976.4938808706, 0.02656716866069727]
90:[[72.0, 50, 30, 18.0, 9.0, 34, 48, 69, 31, 2.7, 36, 60, 19.1, 0.3, 36, 43, 6.9, 13.0, 13.9, 43], 15544.720930232557, 0.05400839684792701, 672483.6265094001, 0.03230640591856502]
91:[[72.0, 50, 30, 18.0, 9.0, 34, 48, 69, 31, 2.7, 36, 60, 19.1, 0.3, 36, 43, 6.9, 13.0, 13.9, 43], 15544.720930232557, 0.05400839684792701, 808144.4352551594, 0.03125441693318024]
92:[[72.0, 50, 30, 18.0, 9.0, 34, 48, 69, 31, 2.7, 36, 60, 19.1, 0.3, 36, 43, 6.9, 13.0, 13.9, 43], 15544.720930232557, 0.05400839684792701, 844010.0344908908, 0.028846966919440886]
93:[[72.0, 50, 30, 18.0, 9.0, 34, 48, 69, 31, 2.7, 36, 60, 19.1, 0.3, 36, 43, 6.9, 13.0, 13.9, 43], 15544.720930232557, 0.05400839684792701, 903671.4170400123, 0.02867648022951889]
94:[[72.0, 50, 30, 18.0, 9.0, 34, 48, 69, 31, 2.7, 36, 60, 19.1, 0.3, 36, 43, 6.9, 13.0, 13.9, 43], 15544.720930232557, 0.05400839684792701, 1360676.219173823, 0.025097652164389084]
95:[[72.0, 50, 30, 18.0, 9.0, 34, 48, 69, 31, 2.7, 36, 60, 19.1, 0.3, 36, 43, 6.9, 13.0, 13.9, 43], 15544.720930232557, 0.05400839684792701, 741194.5772395125, 0.03244998848266979]
96:[[72.0, 50, 30, 18.0, 9.0, 34, 48, 69, 31, 2.7, 36, 60, 19.1, 0.3, 36, 43, 6.9, 13.0, 13.9, 43], 15544.720930232557, 0.05400839684792701, 1216327.7913801936, 0.025956376718852564]
97:[[72.0, 50, 30, 18.0, 9.0, 34, 48, 69, 31, 2.7, 36, 60, 19.1, 0.3, 36, 43, 6.9, 13.0, 13.9, 43], 15544.720930232557, 0.05400839684792701, 1286886.6921811043, 0.025396058475310606]
98:[[72.0, 50, 30, 18.0, 9.0, 34, 48, 69, 31, 2.7, 36, 60, 19.1, 0.3, 36, 43, 6.9, 13.0, 13.9, 43], 15544.720930232557, 0.05400839684792701, 1157278.2424621154, 0.026750917969041776]
99:[[72.0, 50, 30, 18.0, 9.0, 34, 48, 69, 31, 2.7, 36, 60, 19.1, 0.3, 36, 43, 6.9, 13.0, 13.9, 43], 15544.720930232557, 0.05400839684792701, 766224.4358285487, 0.03191035324252767]
